21
22
41
43
67
70
86
102
114
120
137
143
166
168
171
184
204
208
215
240
247
252
260
273
279
282
284
284
321
328
331
331
352
376
390
431
453
460
471
474
476
481
496
496
508
517
528
532
577
591
594
595
603
607
615
631
646
651
653
666
682
689
690
703
706
707
730
739
751
752
771
773
784
794
802
804
806
821
822
826
860
866
870
885
893
894
904
946
947
963
969
972
981
991
1038
1051
1051
1053
1071
1083
1108
1110
1120
1121
1127
1145
1148
1162
1169
1169
1178
1181
1194
1214
1221
1271
1286
1290
1309
1314
1366
1371
1376
1378
1388
1395
1395
1425
1434
1464
1493
1504
1516
1522
1540
1541
1550
1554
1562
1565
1570
1572
1582
1589
1607
1673
1714
1718
1734
1759
1779
1790
1834
1840
1842
1843
1860
1867
1869
1886
1889
1893
1906
1907
1908
1946
1955
1971
1976
1997
2005
2041
2074
2076
2085
2094
2097
2098
2102
2109
2111
2112
2120
2121
2133
2158
2172
2195
2200
2215
2233
2239
2243
2252
2263
2278
2284
2291
2304
2328
2336
2348
2353
2360
2362
2368
2374
2384
2386
2415
2423
2428
2429
2431
2468
2478
2501
2506
2519
2547
2562
2580
2585
2615
2642
2642
2652
2661
2666
2696
2706
2725
2744
2745
2750
2757
2777
2778
2782
2790
2800
2814
2817
2823
2824
2825
2828
2829
2844
2854
2876
2887
2898
2920
2935
2942
2950
2959
2961
2969
2975
2988
2989
2998
2999
3034
3050
3071
3080
3080
3094
3107
3113
3180
3189
3190
3202
3211
3221
3258
3297
3298
3305
3313
3331
3332
3340
3341
3361
3381
3399
3403
3422
3422
3425
3443
3451
3451
3452
3473
3482
3497
3523
3525
3526
3538
3557
3570
3594
3596
3596
3611
3611
3635
3637
3641
3644
3662
3667
3673
3677
3680
3701
3730
3740
3753
3781
3793
3801
3830
3833
3871
3915
3920
3923
3934
3952
4002
4012
4047
4084
4094
4095
4100
4101
4129
4143
4157
4171
4181
4210
4213
4250
4256
4273
4306
4333
4344
4368
4371
4374
4379
4392
4408
4414
4417
4430
4453
4456
4463
4475
4543
4563
4565
4566
4593
4612
4612
4627
4643
4654
4655
4657
4661
4661
4675
4684
4684
4711
4717
4721
4727
4727
4736
4739
4749
4768
4797
4825
4828
4902
4904
4916
4949
4955
4958
4970
4988
4989
4990
4996
5001
5004
5011
5022
5029
5034
5037
5042
5045
5057
5059
5066
5075
5091
5093
5101
5118
5127
5143
5148
5167
5180
5220
5247
5266
5272
5281
5295
5305
5309
5310
5315
5334
5337
5349
5372
5372
5378
5402
5405
5429
5431
5447
5450
5450
5456
5485
5512
5516
5568
5579
5588
5612
5617
5626
5634
5636
5648
5651
5673
5673
5680
5686
5687
5713
5722
5729
5752
5757
5760
5764
5806
5815
5816
5821
5914
5920
5925
5976
5984
5989
6000
6021
6032
6044
6057
6077
6080
6091
6092
6098
6108
6109
6112
6113
6137
6176
6189
6192
6226
6239
6241
6241
6259
6260
6264
6271
6273
6273
6281
6294
6298
6302
6305
6327
6331
6339
6341
6346
6377
6396
6407
6409
6409
6435
6445
6460
6460
6462
6464
6469
6483
6486
6486
6505
6511
6519
6544
6570
6587
6595
6597
6610
6625
6626
6642
6669
6683
6696
6736
6749
6756
6756
6769
6781
6787
6803
6808
6813
6821
6833
6901
6904
6907
6919
6922
6927
6947
6949
6952
6959
6968
6988
6991
7005
7010
7048
7050
7053
7056
7061
7062
7071
7072
7084
7085
7116
7124
7127
7137
7175
7176
7180
7184
7185
7221
7228
7238
7242
7263
7265
7272
7273
7274
7293
7314
7318
7328
7333
7343
7347
7357
7368
7372
7389
7390
7440
7440
7454
7502
7562
7572
7577
7586
7587
7589
7590
7603
7615
7629
7633
7650
7651
7691
7702
7716
7722
7727
7730
7732
7736
7809
7821
7824
7825
7829
7837
7859
7867
7873
7875
7907
7915
7915
7921
7921
7923
7924
7929
7950
7955
7966
7974
7974
7991
7991
8009
8016
8055
8056
8059
8063
8090
8106
8109
8121
8124
8125
8129
8144
8161
8162
8174
8180
8191
8197
8203
8207
8222
8257
8285
8300
8312
8324
8333
8341
8343
8354
8358
8392
8394
8426
8427
8513
8532
8541
8572
8573
8591
8612
8615
8627
8632
8644
8644
8664
8667
8673
8681
8685
8687
8730
8740
8760
8762
8797
8801
8808
8815
8832
8834
8856
8859
8862
8867
8871
8872
8879
8896
8904
8914
8919
8947
8956
9034
9041
9053
9053
9080
9128
9137
9149
9173
9188
9190
9193
9195
9217
9231
9244
9246
9250
9268
9269
9270
9302
9320
9320
9346
9353
9356
9366
9367
9384
9396
9401
9415
9419
9434
9445
9446
9498
9508
9535
9574
9579
9615
9631
9638
9639
9670
9695
9714
9717
9735
9740
9743
9767
9774
9777
9825
9826
9827
9830
9839
9850
9867
9882
9895
9908
9909
9916
9928
9943
9945
9976
9994
9996
10001
10004
10019
10035
10056
10082
10094
10094
10113
10125
10146
10150
10158
10176
10203
10214
10228
10232
10247
10261
10277
10285
10291
10307
10315
10319
10321
10342
10353
10353
10365
10381
10384
10391
10392
10398
10402
10403
10443
10445
10452
10483
10521
10521
10532
10541
10541
10553
10553
10560
10565
10576
10578
10598
10608
10610
10613
10641
10655
10663
10668
10672
10676
10695
10699
10702
10716
10727
10732
10743
10747
10771
10820
10832
10859
10877
10881
10886
10906
10907
10921
10944
10945
10948
10956
10966
11026
11029
11029
11031
11058
11063
11063
11078
11089
11091
11094
11100
11119
11124
11128
11152
11203
11208
11227
11230
11242
11257
11274
11289
11349
11362
11366
11367
11368
11387
11398
11400
11408
11423
11433
11470
11474
11484
11503
11508
11511
11529
11539
11547
11555
11567
11584
11586
11608
11615
11616
11620
11620
11620
11629
11637
11650
11688
11694
11697
11709
11738
11767
11788
11797
11801
11805
11809
11826
11826
11839
11867
11871
11884
11895
11897
11900
11907
11907
11921
11961
11975
11998
12003
12012
12024
12025
12049
12072
12081
12108
12134
12145
12160
12160
12167
12174
12181
12184
12185
12207
12225
12231
12232
12234
12236
12240
12241
12253
12268
12276
12278
12329
12329
12331
12371
12384
12387
12399
12401
12413
12424
12434
12435
12437
12442
12459
12515
12522
12524
12547
12551
12569
12573
12582
12602
12603
12609
12619
12622
12622
12623
12623
12625
12638
12639
12674
12675
12684
12685
12690
12718
12719
12739
12742
12769
12776
12781
12806
12812
12822
12830
12848
12864
12872
12883
12903
12906
12947
12956
13003
13015
13032
13035
13045
13060
13072
13080
13082
13102
13103
13109
13115
13116
13117
13128
13130
13157
13159
13163
13166
13184
13190
13191
13204
13215
13215
13218
13222
13225
13237
13249
13250
13270
13274
13291
13300
13301
13312
13339
13344
13351
13354
13378
13379
13381
13397
13404
13406
13423
13450
13482
13484
13514
13517
13546
13562
13562
13566
13593
13624
13631
13634
13636
13643
13655
13663
13666
13672
13689
13696
13704
13722
13724
13739
13757
13765
13773
13774
13775
13780
13786
13790
13801
13829
13843
13875
13879
13893
13897
13902
13934
13970
13978
13986
13990
14009
14033
14042
14045
14054
14076
14079
14114
14121
14126
14133
14135
14137
14148
14150
14207
14221
14223
14240
14243
14251
14267
14275
14281
14284
14286
14290
14297
14306
14334
14349
14350
14377
14379
14392
14397
14406
14409
14435
14442
14444
14453
14470
14496
14504
14504
14523
14535
14559
14571
14583
14605
14605
14633
14641
14666
14668
14685
14687
14687
14703
14705
14709
14710
14718
14733
14764
14783
14788
14797
14806
14812
14816
14843
14847
14852
14855
14869
14871
14882
14908
14938
14947
14981
14995
15007
15020
15021
15025
15028
15073
15076
15084
15088
15131
15133
15138
15147
15170
15181
15205
15218
15237
15259
15260
15283
15283
15288
15289
15292
15295
15315
15347
15369
15377
15387
15391
15424
15442
15450
15459
15463
15466
15471
15475
15512
15525
15526
15530
15537
15547
15550
15557
15562
15564
15574
15597
15598
15612
15627
15657
15659
15676
15707
15715
15717
15726
15731
15736
15748
15751
15752
15774
15778
15788
15806
15811
15821
15875
15938
15940
15940
15955
15964
15965
15979
15989
15994
15997
16001
16004
16034
16054
16056
16077
16093
16101
16105
16106
16107
16108
16119
16150
16155
16159
16166
16187
16190
16201
16205
16218
16241
16262
16298
16298
16326
16331
16332
16337
16363
16363
16374
16390
16422
16434
16438
16441
16443
16456
16468
16472
16473
16477
16495
16499
16506
16525
16534
16565
16566
16567
16572
16619
16623
16625
16654
16675
16711
16718
16734
16737
16744
16751
16755
16756
16762
16764
16766
16770
16782
16819
16821
16839
16849
16857
16886
16889
16893
16912
16922
16926
16942
16950
16953
16999
17005
17036
17041
17064
17072
17094
17147
17167
17175
17192
17193
17194
17217
17231
17247
17255
17257
17261
17269
17269
17276
17276
17284
17285
17295
17310
17325
17325
17330
17348
17388
17393
17395
17423
17436
17445
17454
17461
17470
17472
17501
17522
17545
17547
17556
17557
17593
17608
17615
17617
17649
17661
17670
17686
17709
17709
17757
17768
17785
17806
17822
17838
17839
17846
17851
17869
17878
17883
17886
17941
17946
17950
17953
17996
17997
18016
18017
18031
18036
18062
18069
18071
18088
18092
18103
18106
18114
18134
18167
18169
18190
18190
18200
18207
18225
18244
18252
18252
18272
18292
18309
18319
18327
18338
18366
18379
18380
18381
18384
18390
18450
18451
18479
18487
18494
18496
18501
18519
18524
18559
18560
18603
18618
18620
18622
18622
18623
18634
18636
18642
18691
18728
18732
18747
18792
18801
18828
18828
18835
18839
18842
18843
18857
18914
18926
18979
18995
19001
19030
19053
19066
19074
19117
19130
19131
19154
19163
19179
19186
19191
19198
19204
19224
19245
19253
19260
19295
19306
19338
19352
19362
19365
19386
19400
19413
19421
19424
19434
19468
19508
19536
19554
19557
19564
19569
19579
19581
19591
19606
19644
19670
19686
19690
19715
19736
19750
19756
19757
19758
19760
19766
19784
19785
19827
19845
19856
19866
19903
19921
19927
19942
19946
19984
19993
19994
19997
19997
20018
20026
20028
20031
20058
20070
20090
20113
20114
20133
20141
20150
20177
20187
20196
20198
20244
20244
20250
20266
20267
20272
20277
20302
20304
20333
20361
20365
20396
20412
20413
20418
20444
20445
20446
20471
20471
20472
20490
20497
20498
20507
20510
20531
20538
20543
20544
20547
20558
20561
20561
20566
20574
20591
20592
20595
20596
20596
20599
20618
20634
20639
20666
20670
20695
20712
20719
20734
20741
20743
20797
20814
20822
20832
20834
20871
20875
20879
20900
20903
20911
20916
20957
20965
20968
20978
20983
20988
21010
21015
21023
21034
21049
21057
21058
21059
21064
21091
21117
21123
21149
21160
21173
21184
21191
21197
21199
21216
21232
21236
21242
21247
21292
21322
21335
21343
21363
21373
21383
21411
21445
21469
21478
21487
21530
21536
21546
21576
21587
21596
21599
21601
21605
21621
21638
21643
21650
21664
21674
21693
21708
21719
21733
21740
21744
21771
21771
21783
21786
21798
21800
21808
21814
21834
21843
21870
21879
21900
21907
21931
21936
21957
21980
22003
22004
22016
22039
22068
22071
22083
22091
22101
22120
22129
22142
22162
22166
22199
22212
22232
22252
22252
22259
22262
22265
22291
22299
22316
22326
22338
22340
22344
22349
22351
22355
22363
22364
22397
22421
22426
22440
22449
22455
22463
22480
22484
22515
22517
22532
22538
22547
22547
22583
22588
22589
22603
22605
22608
22622
22633
22659
22660
22660
22661
22669
22694
22702
22715
22723
22740
22751
22763
22770
22795
22810
22821
22826
22834
22835
22852
22884
22918
22935
22951
22952
22953
22957
22980
22989
23017
23023
23030
23049
23053
23059
23068
23075
23137
23141
23152
23172
23172
23174
23189
23198
23201
23219
23231
23247
23249
23254
23271
23289
23309
23327
23346
23360
23373
23386
23400
23419
23419
23420
23426
23436
23437
23441
23442
23463
23463
23511
23512
23519
23540
23545
23549
23549
23596
23604
23618
23630
23640
23649
23650
23651
23668
23668
23671
23682
23707
23708
23724
23736
23761
23768
23787
23856
23857
23861
23863
23891
23893
23920
23929
23936
23994
23998
24011
24024
24037
24037
24049
24055
24067
24068
24077
24095
24115
24149
24177
24179
24188
24190
24197
24204
24205
24207
24209
24211
24219
24269
24291
24295
24305
24316
24319
24343
24347
24373
24375
24388
24392
24393
24394
24419
24424
24470
24479
24510
24516
24540
24542
24560
24577
24602
24611
24615
24630
24637
24639
24641
24650
24663
24675
24679
24683
24703
24707
24750
24759
24769
24769
24781
24839
24852
24862
24883
24925
24929
24940
24952
24959
24963
24963
24966
24981
24983
24985
24987
24988
24989
24994
25002
25012
25030
25040
25049
25056
25057
25063
25075
25077
25107
25113
25131
25159
25163
25175
25179
25202
25228
25230
25251
25257
25267
25305
25310
25323
25333
25339
25342
25362
25372
25383
25387
25388
25395
25415
25433
25434
25437
25441
25453
25453
25461
25462
25462
25475
25479
25481
25500
25525
25527
25528
25536
25575
25577
25588
25601
25626
25627
25667
25678
25691
25692
25703
25705
25706
25728
25730
25747
25748
25763
25767
25767
25769
25791
25796
25800
25813
25813
25818
25823
25837
25881
25882
25883
25895
25895
25895
25899
25914
25917
25949
25958
25970
25978
25990
25992
25994
26008
26011
26024
26024
26027
26057
26059
26073
26083
26107
26119
26138
26146
26164
26170
26193
26215
26222
26225
26250
26263
26284
26301
26308
26311
26328
26334
26346
26350
26354
26360
26362
26362
26373
26403
26404
26406
26409
26415
26416
26418
26428
26450
26498
26521
26522
26530
26542
26564
26567
26572
26574
26603
26603
26613
26614
26628
26633
26653
26659
26699
26714
26719
26721
26745
26757
26764
26799
26808
26821
26858
26861
26908
26915
26965
26984
27017
27053
27058
27059
27059
27075
27083
27084
27103
27112
27116
27121
27126
27134
27146
27155
27166
27174
27179
27194
27202
27208
27218
27230
27241
27256
27267
27272
27286
27299
27300
27304
27328
27335
27346
27355
27359
27376
27404
27422
27470
27504
27505
27521
27530
27544
27548
27554
27564
27566
27567
27577
27601
27610
27614
27627
27629
27629
27630
27635
27637
27640
27653
27692
27698
27700
27709
27731
27749
27761
27789
27790
27824
27851
27855
27855
27858
27865
27880
27917
27962
27966
27985
27988
28000
28017
28030
28037
28085
28087
28088
28090
28102
28115
28115
28117
28118
28129
28129
28132
28142
28142
28151
28189
28215
28268
28289
28294
28328
28348
28368
28385
28395
28399
28400
28408
28432
28433
28453
28475
28477
28500
28511
28517
28522
28532
28544
28570
28573
28587
28612
28623
28624
28652
28658
28672
28673
28692
28705
28711
28724
28730
28747
28762
28787
28795
28804
28809
28833
28837
28839
28847
28881
28898
28903
28909
28929
28932
28934
28951
28978
28979
28988
29000
29023
29026
29036
29048
29053
29106
29117
29129
29132
29140
29148
29153
29157
29165
29176
29186
29187
29197
29198
29199
29201
29219
29224
29230
29239
29239
29244
29249
29259
29267
29286
29301
29301
29302
29338
29343
29361
29361
29373
29375
29384
29389
29413
29421
29437
29449
29452
29470
29502
29528
29541
29561
29577
29579
29625
29626
29663
29668
29672
29676
29677
29679
29682
29699
29705
29754
29759
29772
29777
29804
29813
29815
29824
29826
29828
29840
29872
29877
29877
29879
29888
29907
29911
29941
29945
29946
29951
29966
29991
30005
30024
30032
30054
30087
30093
30094
30099
30102
30103
30107
30131
30135
30136
30142
30153
30154
30167
30169
30215
30218
30222
30224
30285
30299
30299
30321
30326
30327
30338
30353
30359
30383
30390
30393
30400
30423
30425
30432
30448
30448
30455
30480
30484
30506
30507
30509
30525
30536
30550
30573
30587
30600
30645
30649
30662
30663
30671
30705
30725
30730
30733
30743
30754
30790
30804
30806
30834
30843
30850
30853
30865
30870
30874
30877
30917
30946
30953
30954
30967
30982
31010
31034
31039
31040
31045
31084
31107
31109
31118
31142
31153
31158
31175
31185
31201
31204
31217
31231
31234
31238
31245
31253
31270
31284
31292
31318
31320
31320
31325
31328
31335
31380
31401
31405
31406
31431
31440
31450
31492
31497
31522
31546
31555
31563
31580
31581
31584
31593
31596
31617
31622
31657
31665
31668
31673
31695
31704
31704
31705
31748
31749
31783
31785
31801
31809
31812
31826
31851
31854
31866
31869
31894
31917
31922
31928
31941
31951
31953
31958
31961
31962
31970
31995
32025
32034
32040
32044
32045
32051
32054
32074
32090
32096
32103
32115
32135
32137
32147
32165
32178
32180
32184
32196
32219
32240
32248
32255
32267
32272
32277
32290
32300
32309
32323
32340
32373
32387
32396
32401
32405
32408
32419
32424
32436
32448
32450
32451
32456
32462
32468
32468
32484
32493
32494
32539
32539
32577
32581
32594
32623
32625
32634
32636
32648
32656
32662
32664
32685
32688
32711
32717
32720
32751
32752
32755
32759
32779
32786
32799
32809
32814
32832
32885
32886
32893
32894
32902
32907
32967
32996
32999
33009
33019
33023
33047
33047
33061
33077
33079
33091
33100
33113
33120
33127
33135
33165
33177
33179
33183
33188
33200
33203
33207
33216
33238
33239
33242
33249
33250
33250
33255
33257
33258
33262
33302
33309
33313
33324
33352
33366
33367
33390
33392
33407
33416
33425
33429
33440
33442
33445
33458
33465
33482
33514
33515
33524
33525
33538
33539
33565
33566
33567
33618
33661
33664
33668
33685
33690
33693
33695
33706
33723
33724
33744
33751
33775
33794
33808
33844
33845
33848
33849
33855
33858
33881
33896
33898
33904
33906
33919
33943
33976
33997
34014
34069
34075
34078
34078
34081
34083
34094
34094
34100
34103
34104
34106
34110
34118
34130
34142
34165
34166
34234
34260
34321
34324
34326
34347
34363
34379
34392
34396
34414
34423
34427
34431
34431
34433
34450
34466
34478
34482
34486
34496
34499
34523
34525
34558
34588
34591
34599
34601
34623
34630
34674
34701
34707
34712
34724
34743
34766
34786
34799
34803
34808
34840
34878
34890
34899
34901
34906
34910
34946
34956
34970
35005
35008
35015
35024
35032
35035
35035
35045
35049
35056
35058
35065
35066
35067
35110
35122
35131
35144
35173
35174
35194
35212
35219
35225
35232
35241
35273
35296
35312
35314
35350
35368
35372
35395
35397
35423
35424
35427
35464
35468
35495
35530
35541
35550
35554
35557
35565
35568
35573
35573
35575
35586
35611
35613
35624
35654
35676
35677
35680
35688
35696
35704
35711
35733
35745
35775
35781
35783
35789
35797
35827
35854
35854
35866
35868
35908
35919
35935
35945
35984
35986
35989
36000
36011
36040
36046
36058
36068
36077
36085
36107
36110
36121
36123
36138
36155
36179
36180
36187
36190
36193
36219
36228
36253
36264
36270
36276
36286
36294
36294
36309
36311
36313
36313
36334
36334
36339
36347
36351
36358
36371
36376
36451
36454
36457
36464
36493
36495
36524
36536
36557
36567
36569
36572
36577
36580
36616
36616
36637
36669
36677
36678
36699
36710
36728
36742
36744
36746
36773
36775
36776
36807
36811
36815
36831
36856
36869
36884
36889
36895
36920
36938
36956
36957
36988
37032
37050
37082
37085
37088
37093
37103
37119
37133
37145
37149
37154
37159
37196
37202
37203
37204
37206
37226
37234
37245
37255
37282
37283
37285
37300
37305
37306
37309
37319
37320
37333
37342
37343
37344
37350
37353
37359
37374
37386
37393
37404
37417
37460
37460
37467
37469
37491
37497
37506
37513
37514
37535
37537
37537
37546
37569
37578
37621
37623
37638
37655
37672
37723
37725
37736
37745
37750
37751
37760
37772
37774
37780
37790
37796
37818
37820
37829
37834
37842
37858
37860
37876
37876
37911
37912
37914
37915
37948
37964
37967
37969
37997
38002
38009
38017
38023
38038
38041
38044
38053
38070
38097
38116
38127
38138
38143
38162
38179
38179
38194
38215
38220
38272
38310
38326
38329
38342
38348
38350
38359
38380
38405
38409
38410
38423
38427
38434
38458
38490
38490
38512
38513
38519
38520
38521
38526
38539
38587
38597
38625
38629
38635
38636
38638
38682
38724
38732
38748
38749
38786
38791
38797
38798
38801
38832
38832
38836
38838
38908
38908
38909
38923
38930
38934
38937
38945
38990
38991
39015
39016
39036
39040
39061
39068
39104
39105
39112
39156
39160
39165
39183
39185
39191
39200
39203
39209
39210
39215
39240
39240
39247
39256
39270
39280
39281
39318
39326
39327
39340
39341
39342
39350
39371
39373
39387
39400
39409
39426
39437
39444
39446
39449
39453
39453
39472
39473
39485
39509
39510
39515
39522
39552
39554
39563
39584
39620
39621
39625
39634
39671
39715
39732
39734
39758
39768
39784
39796
39809
39811
39833
39838
39846
39851
39861
39863
39869
39870
39878
39890
39896
39900
39908
39924
39944
39975
39983
39985
39987
40006
40007
40015
40028
40030
40042
40048
40072
40074
40083
40093
40095
40110
40136
40153
40171
40245
40263
40272
40285
40290
40297
40312
40320
40322
40338
40368
40370
40398
40433
40434
40437
40452
40457
40468
40493
40508
40543
40569
40572
40588
40596
40599
40636
40646
40651
40668
40674
40674
40703
40706
40728
40730
40767
40773
40792
40793
40799
40818
40828
40834
40842
40854
40858
40862
40871
40876
40882
40890
40891
40904
40915
40918
40918
40953
40955
40956
40966
40969
41029
41038
41042
41073
41084
41089
41099
41120
41131
41133
41140
41141
41143
41149
41149
41157
41162
41169
41186
41186
41207
41212
41223
41228
41247
41262
41264
41265
41318
41329
41343
41345
41362
41367
41369
41374
41392
41397
41412
41413
41434
41435
41435
41446
41450
41463
41463
41476
41496
41513
41523
41525
41539
41555
41557
41600
41609
41612
41618
41621
41623
41633
41642
41691
41719
41721
41729
41740
41748
41774
41777
41777
41815
41829
41860
41874
41882
41891
41899
41911
41915
41951
41971
41972
41975
41981
41997
42029
42033
42059
42070
42088
42101
42104
42105
42110
42151
42155
42156
42164
42174
42180
42199
42204
42218
42240
42245
42273
42279
42302
42325
42350
42353
42373
42384
42386
42393
42395
42412
42417
42425
42427
42433
42449
42452
42453
42454
42457
42462
42507
42515
42522
42544
42546
42573
42573
42581
42590
42597
42610
42615
42626
42653
42673
42697
42701
42745
42750
42789
42812
42819
42850
42853
42866
42882
42909
42912
42954
42955
42984
42992
43038
43075
43088
43118
43118
43152
43155
43162
43167
43174
43179
43212
43224
43242
43266
43297
43310
43331
43333
43343
43354
43355
43377
43379
43386
43401
43423
43455
43464
43478
43529
43533
43545
43557
43571
43579
43581
43586
43588
43600
43609
43611
43613
43620
43625
43633
43637
43638
43668
43668
43676
43690
43695
43718
43720
43744
43749
43768
43788
43792
43797
43802
43810
43817
43832
43832
43878
43886
43908
43920
43923
43927
43930
43931
43931
43932
43939
43943
43946
43967
44044
44048
44051
44061
44100
44104
44119
44119
44145
44145
44149
44153
44162
44165
44190
44253
44266
44268
44276
44286
44296
44308
44311
44323
44347
44347
44358
44378
44389
44412
44418
44431
44440
44454
44483
44506
44513
44534
44539
44552
44561
44562
44590
44610
44649
44656
44661
44666
44687
44692
44692
44695
44719
44726
44730
44736
44747
44751
44775
44786
44793
44821
44825
44826
44842
44846
44865
44909
44914
44931
44933
44938
44941
44951
44953
44966
44969
44996
45002
45018
45041
45069
45075
45084
45088
45088
45092
45095
45099
45109
45114
45134
45148
45164
45184
45244
45264
45284
45308
45324
45329
45336
45348
45376
45379
45388
45417
45418
45422
45447
45462
45463
45469
45470
45509
45516
45551
45571
45621
45638
45657
45658
45662
45706
45710
45717
45725
45735
45744
45745
45753
45756
45766
45771
45784
45799
45821
45827
45843
45858
45858
45883
45894
45897
45902
45923
45941
45942
45958
45985
45991
45998
46002
46010
46035
46037
46038
46040
46042
46059
46063
46068
46094
46095
46118
46127
46130
46130
46149
46150
46161
46170
46262
46309
46341
46350
46358
46369
46400
46401
46407
46413
46425
46432
46446
46454
46468
46477
46478
46485
46489
46492
46508
46522
46542
46546
46552
46554
46555
46568
46585
46633
46653
46661
46662
46710
46726
46768
46769
46769
46773
46792
46827
46827
46832
46838
46852
46857
46875
46889
46927
46937
46942
46951
46954
46956
46978
46979
46996
47000
47035
47041
47046
47067
47072
47072
47080
47086
47111
47121
47136
47165
47166
47175
47185
47226
47263
47268
47281
47288
47289
47294
47298
47347
47347
47350
47353
47353
47367
47423
47427
47428
47447
47451
47469
47492
47504
47508
47509
47519
47521
47535
47552
47560
47568
47573
47604
47609
47629
47631
47634
47638
47670
47677
47679
47683
47684
47685
47719
47724
47744
47759
47762
47773
47808
47810
47822
47834
47835
47835
47862
47886
47902
47911
47944
47956
47962
47974
47976
47994
48016
48025
48041
48044
48048
48051
48058
48067
48068
48075
48079
48083
48104
48109
48110
48115
48139
48145
48147
48162
48172
48178
48214
48218
48230
48235
48238
48243
48245
48264
48278
48280
48281
48281
48282
48292
48311
48317
48337
48339
48342
48353
48369
48402
48406
48410
48422
48448
48461
48498
48520
48540
48543
48544
48559
48567
48601
48617
48622
48627
48637
48647
48652
48664
48673
48678
48683
48729
48736
48737
48739
48756
48768
48779
48803
48813
48819
48822
48825
48832
48873
48874
48874
48916
48958
48964
48969
48980
49014
49018
49030
49030
49060
49066
49102
49114
49186
49189
49195
49228
49241
49245
49249
49271
49279
49283
49287
49293
49297
49308
49317
49323
49345
49355
49427
49430
49441
49446
49466
49469
49481
49494
49512
49519
49524
49536
49536
49536
49544
49546
49608
49615
49621
49630
49631
49634
49635
49644
49664
49673
49687
49698
49698
49763
49768
49805
49813
49819
49867
49870
49874
49875
49884
49900
49904
49914
49916
49928
49976
49993
49996
50000
50001
50008
50024
50029
50066
50082
50089
50104
50123
50129
50137
50140
50159
50191
50210
50215
50226
50235
50249
50257
50265
50288
50313
50330
50377
50380
50382
50397
50398
50408
50420
50427
50433
50440
50453
50463
50486
50534
50549
50549
50594
50596
50614
50616
50641
50646
50655
50675
50682
50690
50711
50717
50720
50734
50734
50745
50774
50783
50787
50787
50797
50798
50806
50819
50824
50841
50857
50860
50875
50892
50900
50913
50920
50940
50948
50952
50977
50982
50984
51028
51042
51045
51065
51067
51069
51074
51075
51103
51105
51116
51132
51139
51150
51176
51187
51208
51211
51256
51263
51265
51278
51285
51308
51314
51318
51323
51339
51386
51390
51406
51410
51411
51449
51457
51457
51458
51462
51477
51480
51485
51501
51503
51504
51505
51534
51551
51560
51583
51615
51619
51619
51632
51659
51671
51673
51682
51707
51725
51731
51740
51763
51765
51769
51796
51804
51828
51846
51846
51858
51871
51876
51882
51902
51911
51914
51918
51941
51947
51947
51948
51970
52010
52021
52028
52040
52056
52068
52069
52082
52083
52109
52110
52120
52127
52140
52148
52152
52155
52160
52236
52245
52252
52254
52290
52296
52318
52322
52331
52349
52356
52360
52361
52370
52408
52425
52446
52447
52453
52460
52462
52469
52497
52533
52536
52547
52550
52599
52702
52702
52706
52708
52718
52723
52769
52776
52778
52781
52797
52801
52819
52820
52827
52831
52836
52838
52863
52868
52873
52898
52903
52910
52915
52941
52942
52946
52985
52994
52998
53004
53011
53015
53015
53019
53028
53043
53063
53072
53077
53083
53088
53092
53115
53139
53153
53161
53162
53165
53195
53209
53280
53290
53305
53368
53381
53414
53415
53423
53433
53437
53439
53448
53475
53493
53497
53501
53505
53512
53527
53549
53569
53589
53591
53630
53646
53646
53647
53650
53657
53672
53676
53680
53684
53695
53696
53705
53706
53718
53720
53725
53745
53776
53789
53792
53800
53802
53820
53837
53854
53862
53868
53872
53873
53882
53894
53895
53905
53919
53922
53925
53938
53951
53952
53967
53974
53990
53997
54004
54011
54063
54072
54077
54080
54085
54093
54103
54116
54137
54159
54160
54170
54173
54174
54213
54227
54241
54243
54247
54259
54296
54311
54315
54316
54326
54343
54355
54365
54370
54379
54381
54401
54404
54404
54419
54434
54448
54463
54468
54482
54491
54496
54503
54520
54522
54541
54565
54566
54566
54568
54580
54600
54628
54633
54635
54678
54687
54694
54711
54724
54750
54771
54785
54819
54836
54840
54882
54890
54896
54900
54920
54935
54941
54942
54942
54957
54996
55017
55037
55038
55040
55042
55069
55089
55092
55094
55117
55122
55125
55168
55172
55174
55237
55252
55278
55288
55335
55369
55375
55400
55400
55401
55487
55496
55539
55551
55573
55606
55628
55628
55681
55744
55750
55750
55757
55763
55777
55783
55789
55864
55867
55878
55881
55886
55907
55943
55968
55971
55998
56011
56021
56052
56056
56061
56120
56121
56135
56143
56146
56147
56148
56159
56162
56189
56196
56210
56232
56238
56247
56260
56268
56299
56306
56311
56345
56348
56356
56371
56392
56392
56394
56402
56422
56425
56430
56430
56451
56452
56453
56464
56478
56498
56500
56512
56528
56541
56546
56562
56567
56595
56595
56625
56633
56671
56719
56721
56723
56757
56783
56785
56790
56795
56796
56810
56820
56829
56832
56843
56846
56851
56855
56895
56896
56896
56905
56910
56931
56936
56957
56969
56970
56972
56974
56981
56988
56992
57004
57007
57011
57024
57026
57044
57054
57075
57076
57078
57090
57099
57114
57115
57128
57143
57161
57208
57219
57236
57236
57247
57247
57270
57279
57282
57298
57309
57312
57326
57334
57343
57345
57348
57360
57368
57371
57398
57417
57448
57479
57479
57488
57495
57496
57507
57508
57508
57510
57513
57517
57521
57529
57531
57565
57580
57586
57589
57595
57599
57600
57605
57633
57645
57672
57676
57693
57705
57714
57735
57759
57776
57798
57799
57807
57821
57822
57846
57848
57854
57866
57879
57891
57915
57923
57951
57969
57974
57986
58003
58003
58007
58010
58015
58016
58019
58024
58029
58030
58053
58059
58063
58080
58096
58101
58111
58130
58137
58145
58193
58197
58202
58214
58231
58232
58233
58234
58241
58244
58258
58266
58320
58329
58364
58368
58416
58420
58450
58489
58507
58545
58566
58577
58605
58624
58649
58652
58655
58674
58718
58722
58740
58758
58761
58765
58766
58767
58771
58794
58796
58799
58828
58834
58843
58848
58848
58860
58878
58893
58895
58898
58898
58903
58910
58919
58930
58950
58954
58978
58986
58989
59011
59015
59037
59057
59065
59098
59113
59126
59132
59143
59143
59161
59166
59167
59174
59178
59194
59199
59219
59234
59235
59240
59261
59310
59335
59337
59339
59360
59362
59370
59382
59390
59395
59406
59424
59441
59457
59458
59473
59503
59506
59518
59519
59519
59528
59548
59552
59552
59554
59558
59560
59561
59583
59597
59615
59615
59617
59622
59629
59634
59640
59667
59681
59692
59696
59724
59725
59740
59787
59795
59795
59797
59799
59812
59816
59817
59825
59869
59887
59905
59912
59936
59939
59962
59969
59973
59975
59991
60006
60013
60023
60035
60045
60057
60058
60065
60083
60089
60090
60092
60108
60109
60122
60123
60127
60156
60157
60185
60190
60199
60214
60263
60263
60272
60275
60290
60294
60296
60298
60306
60308
60326
60337
60397
60401
60412
60422
60425
60428
60498
60503
60517
60524
60558
60565
60585
60597
60613
60615
60639
60643
60645
60653
60660
60668
60670
60674
60702
60713
60713
60730
60738
60744
60768
60790
60867
60903
60904
60911
60925
60952
60968
60989
61017
61088
61098
61105
61109
61110
61120
61121
61127
61136
61139
61144
61153
61171
61184
61189
61197
61202
61205
61233
61241
61246
61254
61280
61291
61292
61296
61301
61344
61362
61389
61399
61415
61418
61429
61441
61445
61464
61468
61485
61507
61518
61526
61526
61572
61601
61604
61624
61640
61643
61670
61675
61676
61702
61712
61717
61724
61727
61730
61742
61748
61757
61765
61769
61777
61780
61803
61806
61807
61814
61829
61832
61842
61849
61859
61871
61886
61912
61918
61920
61921
61923
61928
61939
61946
61947
61949
61958
61960
61964
61967
61972
61977
61994
62042
62044
62062
62101
62129
62134
62151
62155
62166
62191
62202
62209
62215
62224
62248
62261
62277
62282
62286
62295
62308
62309
62317
62330
62335
62340
62345
62348
62359
62366
62396
62400
62423
62441
62442
62443
62464
62474
62494
62495
62508
62513
62535
62545
62552
62558
62566
62584
62601
62603
62607
62625
62665
62684
62694
62701
62706
62717
62720
62724
62742
62750
62752
62758
62765
62800
62801
62813
62820
62823
62829
62836
62836
62836
62848
62853
62863
62872
62874
62908
62912
62915
62916
62917
62935
62947
62948
62958
62963
62973
62989
62990
62996
63023
63061
63071
63099
63100
63102
63105
63165
63174
63184
63191
63204
63211
63222
63226
63231
63248
63263
63268
63278
63297
63301
63305
63306
63326
63339
63344
63347
63350
63381
63399
63405
63432
63455
63459
63459
63471
63474
63492
63510
63536
63542
63554
63587
63590
63605
63615
63634
63671
63684
63728
63751
63754
63764
63765
63766
63770
63792
63808
63817
63823
63834
63841
63880
63898
63906
63908
63914
63915
63940
63950
63952
63953
63969
63994
64005
64012
64018
64060
64071
64079
64084
64097
64103
64105
64125
64143
64144
64149
64153
64170
64182
64185
64219
64235
64242
64251
64271
64271
64345
64356
64368
64377
64388
64394
64396
64397
64405
64439
64449
64459
64512
64514
64514
64516
64526
64531
64541
64546
64549
64564
64586
64591
64601
64603
64606
64609
64623
64632
64635
64636
64651
64655
64676
64677
64679
64682
64697
64703
64728
64729
64748
64776
64777
64801
64802
64845
64858
64879
64883
64886
64886
64892
64900
64903
64905
64908
64914
64920
64929
64940
64968
64979
64980
64986
64988
65001
65003
65029
65043
65048
65058
65066
65078
65102
65113
65125
65146
65176
65188
65200
65231
65234
65255
65266
65297
65300
65333
65334
65361
65367
65377
65430
65456
65476
65489
65508
65516
65516
65520
65554
65574
65621
65645
65651
65664
65678
65702
65708
65710
65738
65741
65775
65784
65804
65821
65834
65858
65861
65882
65905
65916
65930
65948
65949
65949
65952
65958
65972
65974
65975
66012
66026
66034
66035
66037
66061
66090
66090
66128
66131
66133
66146
66149
66174
66181
66183
66184
66206
66207
66216
66231
66237
66240
66248
66253
66282
66306
66309
66331
66342
66343
66348
66370
66376
66389
66390
66399
66402
66410
66416
66448
66478
66481
66483
66493
66495
66498
66503
66505
66541
66544
66582
66589
66608
66613
66641
66653
66658
66669
66698
66704
66709
66712
66738
66749
66752
66758
66796
66807
66824
66826
66841
66844
66919
66945
66974
66991
66994
67019
67031
67044
67051
67086
67091
67091
67114
67120
67123
67132
67150
67150
67165
67173
67187
67191
67201
67213
67254
67273
67310
67340
67356
67364
67364
67371
67380
67391
67402
67416
67459
67475
67487
67516
67522
67525
67533
67558
67570
67576
67585
67586
67589
67600
67608
67616
67619
67624
67625
67639
67647
67672
67682
67714
67735
67737
67743
67752
67785
67786
67788
67792
67854
67896
67926
67935
67942
67944
67957
67979
67983
68016
68026
68043
68049
68054
68078
68092
68107
68171
68197
68198
68242
68263
68274
68281
68294
68306
68328
68355
68356
68364
68364
68365
68370
68375
68403
68420
68422
68426
68436
68436
68447
68451
68461
68464
68464
68467
68490
68498
68509
68531
68535
68547
68556
68561
68564
68565
68568
68576
68596
68609
68660
68661
68692
68700
68707
68734
68741
68745
68763
68777
68784
68814
68825
68858
68866
68876
68933
68938
68968
68991
69008
69008
69011
69015
69019
69060
69061
69103
69110
69120
69122
69167
69174
69190
69220
69259
69299
69319
69321
69323
69324
69327
69332
69345
69360
69362
69363
69373
69374
69429
69430
69436
69463
69473
69476
69480
69501
69501
69503
69507
69508
69535
69545
69553
69555
69573
69587
69591
69594
69595
69642
69648
69653
69660
69669
69681
69687
69711
69715
69716
69738
69755
69773
69778
69805
69807
69827
69836
69843
69857
69858
69867
69875
69886
69888
69889
69890
69904
69909
69910
69922
69938
69939
69957
69959
69960
69963
69987
69999
70007
70019
70025
70035
70050
70057
70065
70069
70103
70105
70105
70111
70122
70141
70153
70162
70167
70182
70182
70203
70225
70230
70231
70235
70244
70250
70269
70272
70284
70307
70314
70318
70349
70356
70356
70356
70358
70358
70358
70366
70383
70391
70391
70411
70412
70416
70447
70480
70490
70505
70514
70519
70530
70556
70558
70564
70580
70599
70614
70622
70626
70632
70634
70689
70698
70703
70719
70723
70727
70785
70786
70787
70802
70815
70820
70833
70853
70860
70865
70873
70877
70893
70912
70927
70940
70942
70950
70965
70971
70980
70986
70993
70995
71009
71027
71033
71045
71070
71110
71111
71142
71150
71168
71184
71194
71212
71229
71231
71249
71254
71270
71280
71285
71300
71311
71317
71343
71405
71412
71417
71439
71439
71452
71469
71469
71472
71473
71476
71483
71489
71491
71492
71494
71500
71505
71513
71526
71539
71560
71561
71572
71575
71579
71593
71612
71613
71627
71630
71666
71683
71689
71690
71697
71712
71722
71727
71740
71740
71749
71755
71765
71782
71792
71807
71810
71837
71857
71869
71911
71919
71922
71936
71946
71949
71954
71969
71972
71984
71992
71992
72010
72016
72018
72026
72037
72039
72064
72096
72111
72112
72115
72122
72135
72150
72153
72162
72183
72187
72205
72210
72222
72225
72239
72242
72247
72247
72248
72279
72288
72292
72294
72296
72314
72349
72372
72382
72389
72395
72401
72409
72413
72414
72417
72419
72421
72435
72442
72443
72451
72466
72469
72478
72498
72505
72505
72534
72539
72549
72551
72551
72597
72602
72620
72621
72626
72638
72641
72656
72666
72668
72674
72689
72700
72725
72741
72755
72762
72781
72785
72796
72813
72825
72843
72864
72880
72892
72899
72910
72919
72925
72932
72948
72964
72979
73018
73051
73090
73100
73101
73150
73162
73167
73176
73179
73181
73192
73195
73202
73224
73226
73235
73238
73245
73253
73257
73285
73329
73332
73355
73365
73374
73378
73410
73410
73413
73428
73430
73430
73432
73433
73446
73454
73461
73462
73489
73499
73544
73562
73564
73568
73592
73602
73611
73631
73632
73669
73686
73711
73738
73739
73741
73754
73765
73776
73783
73794
73795
73797
73799
73800
73811
73847
73851
73854
73858
73864
73866
73866
73870
73877
73877
73884
73893
73896
73897
73909
73918
73938
73968
73988
74033
74062
74067
74098
74125
74148
74180
74180
74185
74200
74203
74206
74218
74232
74238
74243
74253
74270
74276
74277
74286
74302
74303
74304
74331
74342
74349
74354
74367
74392
74396
74399
74414
74456
74462
74471
74507
74509
74562
74598
74601
74644
74655
74656
74659
74666
74672
74709
74711
74713
74715
74728
74732
74735
74749
74750
74769
74789
74792
74808
74827
74838
74844
74854
74871
74922
74925
74933
74935
74936
74953
74966
74968
74977
74985
74996
75002
75004
75042
75048
75049
75062
75064
75068
75097
75115
75129
75159
75165
75170
75187
75194
75198
75200
75203
75243
75246
75247
75252
75261
75271
75280
75293
75295
75297
75323
75331
75365
75371
75379
75416
75427
75439
75442
75449
75449
75489
75497
75504
75507
75513
75516
75516
75518
75532
75544
75544
75565
75565
75571
75584
75589
75604
75607
75637
75650
75672
75676
75684
75694
75696
75706
75750
75788
75799
75811
75815
75820
75821
75824
75831
75831
75856
75874
75892
75909
75923
75924
75932
75943
75950
75953
75965
75977
76007
76022
76039
76045
76061
76067
76075
76091
76092
76099
76118
76125
76152
76163
76173
76223
76224
76229
76230
76237
76245
76251
76265
76276
76291
76306
76348
76351
76366
76368
76376
76385
76395
76395
76406
76407
76418
76439
76448
76449
76469
76478
76480
76496
76511
76511
76556
76557
76572
76604
76613
76644
76654
76665
76678
76688
76702
76709
76712
76748
76772
76783
76797
76800
76804
76807
76813
76839
76843
76847
76865
76873
76875
76880
76884
76899
76914
76915
76923
76924
76926
76932
76933
76935
76940
76983
77003
77011
77013
77017
77037
77059
77118
77121
77156
77188
77190
77195
77206
77208
77214
77215
77221
77223
77229
77244
77244
77253
77303
77304
77320
77321
77338
77339
77341
77356
77359
77362
77368
77372
77380
77388
77389
77395
77404
77419
77425
77446
77446
77457
77468
77482
77487
77510
77536
77537
77550
77571
77572
77593
77602
77629
77635
77639
77641
77648
77655
77669
77673
77674
77684
77692
77722
77741
77741
77742
77758
77759
77819
77849
77854
77911
77925
77948
77965
77980
78016
78018
78027
78032
78061
78067
78084
78090
78095
78106
78108
78124
78128
78129
78138
78139
78141
78164
78175
78179
78206
78218
78220
78228
78230
78253
78255
78278
78292
78294
78297
78299
78304
78309
78326
78334
78336
78344
78349
78349
78380
78393
78411
78416
78418
78438
78439
78442
78444
78463
78474
78486
78490
78520
78524
78528
78528
78545
78548
78561
78566
78587
78652
78679
78681
78712
78728
78760
78760
78800
78812
78819
78840
78849
78853
78868
78881
78908
78911
78917
78924
78925
78926
78934
78944
78953
78976
78989
78998
78999
79002
79005
79007
79014
79015
79028
79045
79063
79080
79088
79090
79131
79133
79135
79139
79140
79149
79153
79162
79167
79172
79175
79181
79202
79204
79231
79236
79238
79254
79297
79330
79342
79345
79368
79383
79385
79389
79400
79414
79444
79446
79450
79473
79481
79485
79491
79493
79496
79505
79507
79510
79514
79520
79538
79539
79542
79542
79559
79566
79572
79576
79577
79588
79602
79610
79617
79623
79635
79641
79655
79675
79705
79717
79723
79725
79744
79745
79748
79770
79774
79785
79811
79811
79815
79822
79825
79839
79850
79859
79861
79863
79876
79885
79890
79891
79895
79900
79910
79936
79937
79952
79954
79996
80004
80014
80020
80027
80033
80054
80069
80084
80087
80104
80120
80124
80135
80135
80140
80150
80167
80169
80183
80186
80209
80214
80217
80233
80246
80268
80273
80275
80298
80306
80306
80322
80326
80331
80332
80343
80354
80362
80363
80381
80390
80392
80393
80405
80416
80419
80435
80461
80490
80494
80495
80497
80499
80515
80521
80521
80585
80595
80598
80602
80610
80629
80637
80688
80689
80693
80707
80709
80759
80773
80793
80796
80812
80817
80825
80864
80894
80895
80901
80909
80924
80939
80940
80942
80948
80967
80977
80996
81033
81037
81042
81044
81046
81049
81059
81061
81087
81091
81124
81137
81180
81185
81201
81208
81215
81227
81229
81266
81274
81280
81292
81295
81300
81307
81310
81320
81326
81329
81337
81348
81362
81364
81367
81385
81387
81395
81397
81401
81417
81429
81440
81442
81466
81488
81508
81542
81551
81560
81564
81579
81613
81615
81618
81619
81622
81623
81627
81641
81649
81666
81675
81686
81692
81694
81705
81712
81723
81726
81730
81743
81750
81751
81755
81757
81759
81807
81850
81856
81866
81884
81915
81954
81967
81979
81989
81991
82003
82004
82009
82019
82025
82041
82053
82055
82060
82060
82064
82065
82070
82084
82087
82098
82108
82110
82131
82169
82178
82208
82216
82219
82222
82247
82278
82280
82305
82314
82319
82320
82341
82343
82352
82375
82379
82429
82431
82441
82443
82451
82456
82456
82467
82474
82489
82496
82506
82516
82524
82529
82531
82535
82547
82549
82560
82570
82616
82628
82651
82655
82660
82693
82708
82723
82775
82795
82800
82802
82816
82820
82828
82860
82866
82878
82892
82892
82918
82921
82926
82939
82959
82973
82997
83000
83015
83019
83027
83036
83040
83066
83070
83072
83073
83075
83076
83088
83122
83152
83167
83186
83189
83193
83225
83231
83233
83237
83250
83265
83274
83279
83281
83288
83297
83330
83345
83352
83355
83363
83369
83381
83399
83411
83415
83447
83489
83496
83502
83503
83546
83552
83554
83554
83558
83562
83565
83566
83593
83620
83625
83644
83675
83686
83689
83699
83708
83710
83729
83758
83762
83788
83798
83843
83861
83861
83883
83896
83901
83904
83915
83923
83925
83940
83940
83944
83968
83981
83982
83992
83993
84007
84008
84009
84010
84023
84031
84032
84038
84062
84075
84087
84088
84090
84104
84131
84136
84140
84156
84160
84183
84198
84213
84217
84266
84333
84357
84369
84371
84415
84427
84442
84444
84460
84515
84540
84562
84583
84585
84590
84617
84639
84641
84658
84666
84685
84689
84691
84700
84720
84736
84747
84757
84773
84777
84783
84797
84801
84812
84844
84851
84862
84863
84873
84882
84885
84919
84936
84936
84962
84966
84969
84977
84993
85004
85004
85009
85029
85047
85074
85076
85095
85120
85150
85158
85184
85186
85217
85247
85256
85274
85298
85306
85306
85325
85337
85343
85348
85378
85387
85404
85405
85432
85495
85498
85501
85512
85541
85545
85562
85568
85577
85585
85608
85618
85628
85634
85676
85685
85693
85695
85717
85735
85743
85745
85752
85768
85770
85788
85795
85829
85835
85891
85927
85949
85953
85957
85999
86028
86031
86033
86039
86048
86067
86075
86077
86082
86102
86105
86136
86142
86147
86167
86202
86204
86205
86218
86229
86235
86235
86235
86242
86248
86284
86296
86300
86305
86346
86367
86377
86381
86388
86393
86402
86435
86440
86447
86450
86484
86495
86501
86542
86569
86575
86605
86609
86609
86639
86641
86643
86685
86690
86707
86722
86730
86734
86746
86755
86756
86792
86793
86794
86826
86839
86850
86855
86875
86912
86913
86938
86938
86943
86947
86965
86977
86983
86985
86993
86995
86999
87005
87007
87020
87027
87030
87032
87051
87056
87068
87076
87094
87125
87146
87177
87194
87202
87212
87219
87236
87249
87255
87274
87287
87300
87317
87333
87350
87357
87370
87373
87378
87382
87402
87417
87430
87438
87455
87471
87494
87527
87530
87533
87534
87540
87550
87557
87557
87588
87599
87602
87608
87635
87646
87672
87676
87693
87699
87700
87747
87751
87760
87780
87781
87781
87786
87800
87802
87803
87815
87820
87829
87844
87881
87899
87918
87937
87939
87941
87944
87948
87962
87963
87975
87993
88007
88025
88029
88031
88039
88044
88052
88062
88077
88098
88120
88165
88170
88171
88176
88190
88227
88234
88253
88255
88256
88282
88283
88296
88297
88309
88315
88356
88360
88365
88367
88369
88400
88405
88435
88453
88457
88481
88484
88485
88510
88516
88533
88544
88556
88563
88567
88570
88573
88578
88581
88582
88586
88590
88596
88600
88604
88609
88633
88670
88690
88704
88714
88736
88738
88739
88742
88747
88750
88751
88759
88769
88801
88806
88809
88827
88833
88838
88840
88854
88873
88896
88903
88950
88991
88995
89021
89026
89040
89043
89071
89071
89098
89099
89125
89131
89137
89145
89163
89176
89184
89195
89201
89203
89204
89243
89263
89265
89277
89296
89301
89302
89315
89318
89339
89339
89345
89347
89347
89349
89370
89375
89376
89390
89395
89406
89407
89420
89428
89430
89448
89455
89456
89458
89466
89504
89505
89529
89537
89605
89606
89632
89635
89718
89726
89777
89786
89787
89795
89797
89805
89806
89827
89836
89845
89855
89855
89858
89864
89870
89877
89892
89897
89933
89969
89973
89997
90030
90031
90036
90067
90103
90151
90165
90184
90188
90205
90223
90248
90253
90255
90258
90260
90301
90343
90358
90378
90387
90389
90398
90406
90427
90434
90451
90451
90463
90468
90509
90516
90525
90543
90556
90561
90561
90562
90566
90583
90589
90601
90617
90619
90621
90626
90641
90655
90655
90672
90673
90707
90715
90730
90747
90759
90766
90782
90820
90825
90839
90870
90886
90889
90919
90926
90985
90993
90999
91001
91017
91023
91038
91052
91061
91082
91087
91101
91151
91154
91173
91178
91191
91196
91198
91235
91263
91269
91274
91276
91279
91302
91306
91306
91306
91313
91322
91331
91336
91360
91378
91397
91412
91416
91432
91473
91503
91519
91533
91543
91556
91565
91571
91571
91585
91585
91586
91606
91607
91673
91681
91681
91684
91699
91702
91744
91750
91754
91769
91796
91823
91827
91839
91866
91875
91883
91887
91900
91917
91922
91933
91937
91943
91946
91949
91969
91980
91987
91993
92008
92014
92016
92028
92030
92052
92068
92068
92070
92080
92087
92107
92111
92111
92118
92133
92141
92142
92155
92160
92167
92172
92179
92198
92200
92201
92206
92206
92222
92230
92234
92279
92281
92309
92340
92344
92345
92393
92396
92406
92426
92435
92480
92490
92524
92524
92525
92534
92548
92554
92569
92591
92592
92600
92602
92613
92621
92622
92635
92647
92672
92690
92735
92739
92749
92780
92782
92843
92844
92889
92908
92910
92931
92949
92957
92964
93029
93045
93077
93117
93123
93148
93151
93172
93174
93178
93179
93182
93200
93229
93236
93252
93254
93257
93260
93264
93270
93301
93315
93317
93322
93323
93352
93359
93372
93379
93383
93387
93388
93421
93431
93432
93451
93457
93477
93480
93480
93502
93517
93517
93533
93552
93555
93555
93576
93577
93595
93613
93617
93647
93658
93708
93710
93725
93736
93741
93789
93799
93810
93818
93830
93831
93866
93869
93898
93918
93966
93972
93979
94038
94063
94077
94077
94125
94141
94167
94182
94185
94185
94189
94192
94214
94219
94220
94247
94262
94278
94299
94311
94323
94358
94362
94372
94437
94443
94443
94461
94481
94500
94504
94514
94525
94528
94530
94532
94533
94543
94560
94561
94565
94574
94580
94583
94615
94626
94644
94663
94667
94697
94702
94706
94708
94749
94749
94767
94767
94784
94785
94785
94787
94790
94799
94817
94817
94826
94835
94856
94881
94889
94891
94893
94897
94898
94900
94919
94948
94948
94953
94955
94967
94967
94971
94992
95009
95033
95035
95044
95063
95090
95091
95095
95113
95137
95143
95154
95191
95191
95212
95221
95238
95239
95249
95290
95298
95299
95308
95320
95359
95360
95388
95390
95395
95416
95429
95433
95440
95441
95518
95550
95552
95562
95564
95589
95603
95625
95634
95640
95643
95655
95659
95688
95701
95704
95709
95718
95734
95738
95753
95802
95829
95853
95859
95867
95877
95877
95880
95881
95892
95893
95908
95919
95931
95934
95944
95961
95969
95979
95985
95985
96022
96045
96050
96053
96054
96069
96075
96076
96085
96099
96102
96129
96129
96130
96139
96139
96143
96148
96175
96179
96194
96195
96196
96205
96217
96221
96233
96234
96258
96261
96264
96270
96281
96367
96405
96406
96426
96428
96446
96492
96495
96498
96505
96534
96553
96559
96586
96590
96594
96606
96644
96661
96666
96666
96678
96680
96708
96716
96723
96733
96735
96755
96756
96785
96791
96796
96803
96810
96820
96850
96852
96860
96880
96952
96953
96959
96967
96976
96976
96982
97008
97018
97026
97042
97044
97053
97056
97065
97074
97075
97100
97106
97125
97135
97137
97196
97206
97207
97253
97287
97289
97291
97315
97330
97331
97350
97366
97378
97410
97440
97440
97501
97542
97545
97567
97573
97594
97606
97622
97639
97645
97676
97678
97691
97745
97755
97755
97757
97769
97811
97811
97823
97832
97855
97867
97872
97887
97901
97910
97917
97918
97946
97946
97978
97987
97998
98011
98013
98038
98038
98086
98098
98108
98119
98132
98142
98148
98148
98151
98184
98186
98199
98216
98224
98227
98232
98232
98236
98249
98264
98280
98282
98297
98315
98329
98342
98351
98354
98358
98388
98411
98426
98454
98470
98479
98480
98481
98490
98499
98504
98525
98532
98533
98549
98576
98580
98601
98621
98642
98658
98669
98674
98687
98710
98735
98744
98744
98755
98756
98758
98786
98793
98796
98802
98819
98821
98822
98823
98824
98839
98841
98845
98851
98853
98858
98905
98910
98922
98945
98946
98948
98953
98965
98967
98982
98988
98994
99014
99029
99030
99031
99069
99070
99077
99100
99102
99137
99139
99139
99151
99151
99157
99157
99184
99192
99202
99216
99234
99236
99259
99289
99311
99320
99349
99370
99370
99400
99404
99409
99410
99415
99448
99451
99475
99490
99504
99553
99572
99579
99582
99606
99606
99620
99667
99682
99689
99712
99733
99762
99786
99788
99793
99802
99811
99828
99829
99877
99878
99904
99929
99931
99984
99987
99999
