99999
99987
99984
99931
99929
99904
99878
99877
99829
99828
99811
99802
99793
99788
99786
99762
99733
99712
99689
99682
99667
99620
99606
99606
99582
99579
99572
99553
99504
99490
99475
99451
99448
99415
99410
99409
99404
99400
99370
99370
99349
99320
99311
99289
99259
99236
99234
99216
99202
99192
99184
99157
99157
99151
99151
99139
99139
99137
99102
99100
99077
99070
99069
99031
99030
99029
99014
98994
98988
98982
98967
98965
98953
98948
98946
98945
98922
98910
98905
98858
98853
98851
98845
98841
98839
98824
98823
98822
98821
98819
98802
98796
98793
98786
98758
98756
98755
98744
98744
98735
98710
98687
98674
98669
98658
98642
98621
98601
98580
98576
98549
98533
98532
98525
98504
98499
98490
98481
98480
98479
98470
98454
98426
98411
98388
98358
98354
98351
98342
98329
98315
98297
98282
98280
98264
98249
98236
98232
98232
98227
98224
98216
98199
98186
98184
98151
98148
98148
98142
98132
98119
98108
98098
98086
98038
98038
98013
98011
97998
97987
97978
97946
97946
97918
97917
97910
97901
97887
97872
97867
97855
97832
97823
97811
97811
97769
97757
97755
97755
97745
97691
97678
97676
97645
97639
97622
97606
97594
97573
97567
97545
97542
97501
97440
97440
97410
97378
97366
97350
97331
97330
97315
97291
97289
97287
97253
97207
97206
97196
97137
97135
97125
97106
97100
97075
97074
97065
97056
97053
97044
97042
97026
97018
97008
96982
96976
96976
96967
96959
96953
96952
96880
96860
96852
96850
96820
96810
96803
96796
96791
96785
96756
96755
96735
96733
96723
96716
96708
96680
96678
96666
96666
96661
96644
96606
96594
96590
96586
96559
96553
96534
96505
96498
96495
96492
96446
96428
96426
96406
96405
96367
96281
96270
96264
96261
96258
96234
96233
96221
96217
96205
96196
96195
96194
96179
96175
96148
96143
96139
96139
96130
96129
96129
96102
96099
96085
96076
96075
96069
96054
96053
96050
96045
96022
95985
95985
95979
95969
95961
95944
95934
95931
95919
95908
95893
95892
95881
95880
95877
95877
95867
95859
95853
95829
95802
95753
95738
95734
95718
95709
95704
95701
95688
95659
95655
95643
95640
95634
95625
95603
95589
95564
95562
95552
95550
95518
95441
95440
95433
95429
95416
95395
95390
95388
95360
95359
95320
95308
95299
95298
95290
95249
95239
95238
95221
95212
95191
95191
95154
95143
95137
95113
95095
95091
95090
95063
95044
95035
95033
95009
94992
94971
94967
94967
94955
94953
94948
94948
94919
94900
94898
94897
94893
94891
94889
94881
94856
94835
94826
94817
94817
94799
94790
94787
94785
94785
94784
94767
94767
94749
94749
94708
94706
94702
94697
94667
94663
94644
94626
94615
94583
94580
94574
94565
94561
94560
94543
94533
94532
94530
94528
94525
94514
94504
94500
94481
94461
94443
94443
94437
94372
94362
94358
94323
94311
94299
94278
94262
94247
94220
94219
94214
94192
94189
94185
94185
94182
94167
94141
94125
94077
94077
94063
94038
93979
93972
93966
93918
93898
93869
93866
93831
93830
93818
93810
93799
93789
93741
93736
93725
93710
93708
93658
93647
93617
93613
93595
93577
93576
93555
93555
93552
93533
93517
93517
93502
93480
93480
93477
93457
93451
93432
93431
93421
93388
93387
93383
93379
93372
93359
93352
93323
93322
93317
93315
93301
93270
93264
93260
93257
93254
93252
93236
93229
93200
93182
93179
93178
93174
93172
93151
93148
93123
93117
93077
93045
93029
92964
92957
92949
92931
92910
92908
92889
92844
92843
92782
92780
92749
92739
92735
92690
92672
92647
92635
92622
92621
92613
92602
92600
92592
92591
92569
92554
92548
92534
92525
92524
92524
92490
92480
92435
92426
92406
92396
92393
92345
92344
92340
92309
92281
92279
92234
92230
92222
92206
92206
92201
92200
92198
92179
92172
92167
92160
92155
92142
92141
92133
92118
92111
92111
92107
92087
92080
92070
92068
92068
92052
92030
92028
92016
92014
92008
91993
91987
91980
91969
91949
91946
91943
91937
91933
91922
91917
91900
91887
91883
91875
91866
91839
91827
91823
91796
91769
91754
91750
91744
91702
91699
91684
91681
91681
91673
91607
91606
91586
91585
91585
91571
91571
91565
91556
91543
91533
91519
91503
91473
91432
91416
91412
91397
91378
91360
91336
91331
91322
91313
91306
91306
91306
91302
91279
91276
91274
91269
91263
91235
91198
91196
91191
91178
91173
91154
91151
91101
91087
91082
91061
91052
91038
91023
91017
91001
90999
90993
90985
90926
90919
90889
90886
90870
90839
90825
90820
90782
90766
90759
90747
90730
90715
90707
90673
90672
90655
90655
90641
90626
90621
90619
90617
90601
90589
90583
90566
90562
90561
90561
90556
90543
90525
90516
90509
90468
90463
90451
90451
90434
90427
90406
90398
90389
90387
90378
90358
90343
90301
90260
90258
90255
90253
90248
90223
90205
90188
90184
90165
90151
90103
90067
90036
90031
90030
89997
89973
89969
89933
89897
89892
89877
89870
89864
89858
89855
89855
89845
89836
89827
89806
89805
89797
89795
89787
89786
89777
89726
89718
89635
89632
89606
89605
89537
89529
89505
89504
89466
89458
89456
89455
89448
89430
89428
89420
89407
89406
89395
89390
89376
89375
89370
89349
89347
89347
89345
89339
89339
89318
89315
89302
89301
89296
89277
89265
89263
89243
89204
89203
89201
89195
89184
89176
89163
89145
89137
89131
89125
89099
89098
89071
89071
89043
89040
89026
89021
88995
88991
88950
88903
88896
88873
88854
88840
88838
88833
88827
88809
88806
88801
88769
88759
88751
88750
88747
88742
88739
88738
88736
88714
88704
88690
88670
88633
88609
88604
88600
88596
88590
88586
88582
88581
88578
88573
88570
88567
88563
88556
88544
88533
88516
88510
88485
88484
88481
88457
88453
88435
88405
88400
88369
88367
88365
88360
88356
88315
88309
88297
88296
88283
88282
88256
88255
88253
88234
88227
88190
88176
88171
88170
88165
88120
88098
88077
88062
88052
88044
88039
88031
88029
88025
88007
87993
87975
87963
87962
87948
87944
87941
87939
87937
87918
87899
87881
87844
87829
87820
87815
87803
87802
87800
87786
87781
87781
87780
87760
87751
87747
87700
87699
87693
87676
87672
87646
87635
87608
87602
87599
87588
87557
87557
87550
87540
87534
87533
87530
87527
87494
87471
87455
87438
87430
87417
87402
87382
87378
87373
87370
87357
87350
87333
87317
87300
87287
87274
87255
87249
87236
87219
87212
87202
87194
87177
87146
87125
87094
87076
87068
87056
87051
87032
87030
87027
87020
87007
87005
86999
86995
86993
86985
86983
86977
86965
86947
86943
86938
86938
86913
86912
86875
86855
86850
86839
86826
86794
86793
86792
86756
86755
86746
86734
86730
86722
86707
86690
86685
86643
86641
86639
86609
86609
86605
86575
86569
86542
86501
86495
86484
86450
86447
86440
86435
86402
86393
86388
86381
86377
86367
86346
86305
86300
86296
86284
86248
86242
86235
86235
86235
86229
86218
86205
86204
86202
86167
86147
86142
86136
86105
86102
86082
86077
86075
86067
86048
86039
86033
86031
86028
85999
85957
85953
85949
85927
85891
85835
85829
85795
85788
85770
85768
85752
85745
85743
85735
85717
85695
85693
85685
85676
85634
85628
85618
85608
85585
85577
85568
85562
85545
85541
85512
85501
85498
85495
85432
85405
85404
85387
85378
85348
85343
85337
85325
85306
85306
85298
85274
85256
85247
85217
85186
85184
85158
85150
85120
85095
85076
85074
85047
85029
85009
85004
85004
84993
84977
84969
84966
84962
84936
84936
84919
84885
84882
84873
84863
84862
84851
84844
84812
84801
84797
84783
84777
84773
84757
84747
84736
84720
84700
84691
84689
84685
84666
84658
84641
84639
84617
84590
84585
84583
84562
84540
84515
84460
84444
84442
84427
84415
84371
84369
84357
84333
84266
84217
84213
84198
84183
84160
84156
84140
84136
84131
84104
84090
84088
84087
84075
84062
84038
84032
84031
84023
84010
84009
84008
84007
83993
83992
83982
83981
83968
83944
83940
83940
83925
83923
83915
83904
83901
83896
83883
83861
83861
83843
83798
83788
83762
83758
83729
83710
83708
83699
83689
83686
83675
83644
83625
83620
83593
83566
83565
83562
83558
83554
83554
83552
83546
83503
83502
83496
83489
83447
83415
83411
83399
83381
83369
83363
83355
83352
83345
83330
83297
83288
83281
83279
83274
83265
83250
83237
83233
83231
83225
83193
83189
83186
83167
83152
83122
83088
83076
83075
83073
83072
83070
83066
83040
83036
83027
83019
83015
83000
82997
82973
82959
82939
82926
82921
82918
82892
82892
82878
82866
82860
82828
82820
82816
82802
82800
82795
82775
82723
82708
82693
82660
82655
82651
82628
82616
82570
82560
82549
82547
82535
82531
82529
82524
82516
82506
82496
82489
82474
82467
82456
82456
82451
82443
82441
82431
82429
82379
82375
82352
82343
82341
82320
82319
82314
82305
82280
82278
82247
82222
82219
82216
82208
82178
82169
82131
82110
82108
82098
82087
82084
82070
82065
82064
82060
82060
82055
82053
82041
82025
82019
82009
82004
82003
81991
81989
81979
81967
81954
81915
81884
81866
81856
81850
81807
81759
81757
81755
81751
81750
81743
81730
81726
81723
81712
81705
81694
81692
81686
81675
81666
81649
81641
81627
81623
81622
81619
81618
81615
81613
81579
81564
81560
81551
81542
81508
81488
81466
81442
81440
81429
81417
81401
81397
81395
81387
81385
81367
81364
81362
81348
81337
81329
81326
81320
81310
81307
81300
81295
81292
81280
81274
81266
81229
81227
81215
81208
81201
81185
81180
81137
81124
81091
81087
81061
81059
81049
81046
81044
81042
81037
81033
80996
80977
80967
80948
80942
80940
80939
80924
80909
80901
80895
80894
80864
80825
80817
80812
80796
80793
80773
80759
80709
80707
80693
80689
80688
80637
80629
80610
80602
80598
80595
80585
80521
80521
80515
80499
80497
80495
80494
80490
80461
80435
80419
80416
80405
80393
80392
80390
80381
80363
80362
80354
80343
80332
80331
80326
80322
80306
80306
80298
80275
80273
80268
80246
80233
80217
80214
80209
80186
80183
80169
80167
80150
80140
80135
80135
80124
80120
80104
80087
80084
80069
80054
80033
80027
80020
80014
80004
79996
79954
79952
79937
79936
79910
79900
79895
79891
79890
79885
79876
79863
79861
79859
79850
79839
79825
79822
79815
79811
79811
79785
79774
79770
79748
79745
79744
79725
79723
79717
79705
79675
79655
79641
79635
79623
79617
79610
79602
79588
79577
79576
79572
79566
79559
79542
79542
79539
79538
79520
79514
79510
79507
79505
79496
79493
79491
79485
79481
79473
79450
79446
79444
79414
79400
79389
79385
79383
79368
79345
79342
79330
79297
79254
79238
79236
79231
79204
79202
79181
79175
79172
79167
79162
79153
79149
79140
79139
79135
79133
79131
79090
79088
79080
79063
79045
79028
79015
79014
79007
79005
79002
78999
78998
78989
78976
78953
78944
78934
78926
78925
78924
78917
78911
78908
78881
78868
78853
78849
78840
78819
78812
78800
78760
78760
78728
78712
78681
78679
78652
78587
78566
78561
78548
78545
78528
78528
78524
78520
78490
78486
78474
78463
78444
78442
78439
78438
78418
78416
78411
78393
78380
78349
78349
78344
78336
78334
78326
78309
78304
78299
78297
78294
78292
78278
78255
78253
78230
78228
78220
78218
78206
78179
78175
78164
78141
78139
78138
78129
78128
78124
78108
78106
78095
78090
78084
78067
78061
78032
78027
78018
78016
77980
77965
77948
77925
77911
77854
77849
77819
77759
77758
77742
77741
77741
77722
77692
77684
77674
77673
77669
77655
77648
77641
77639
77635
77629
77602
77593
77572
77571
77550
77537
77536
77510
77487
77482
77468
77457
77446
77446
77425
77419
77404
77395
77389
77388
77380
77372
77368
77362
77359
77356
77341
77339
77338
77321
77320
77304
77303
77253
77244
77244
77229
77223
77221
77215
77214
77208
77206
77195
77190
77188
77156
77121
77118
77059
77037
77017
77013
77011
77003
76983
76940
76935
76933
76932
76926
76924
76923
76915
76914
76899
76884
76880
76875
76873
76865
76847
76843
76839
76813
76807
76804
76800
76797
76783
76772
76748
76712
76709
76702
76688
76678
76665
76654
76644
76613
76604
76572
76557
76556
76511
76511
76496
76480
76478
76469
76449
76448
76439
76418
76407
76406
76395
76395
76385
76376
76368
76366
76351
76348
76306
76291
76276
76265
76251
76245
76237
76230
76229
76224
76223
76173
76163
76152
76125
76118
76099
76092
76091
76075
76067
76061
76045
76039
76022
76007
75977
75965
75953
75950
75943
75932
75924
75923
75909
75892
75874
75856
75831
75831
75824
75821
75820
75815
75811
75799
75788
75750
75706
75696
75694
75684
75676
75672
75650
75637
75607
75604
75589
75584
75571
75565
75565
75544
75544
75532
75518
75516
75516
75513
75507
75504
75497
75489
75449
75449
75442
75439
75427
75416
75379
75371
75365
75331
75323
75297
75295
75293
75280
75271
75261
75252
75247
75246
75243
75203
75200
75198
75194
75187
75170
75165
75159
75129
75115
75097
75068
75064
75062
75049
75048
75042
75004
75002
74996
74985
74977
74968
74966
74953
74936
74935
74933
74925
74922
74871
74854
74844
74838
74827
74808
74792
74789
74769
74750
74749
74735
74732
74728
74715
74713
74711
74709
74672
74666
74659
74656
74655
74644
74601
74598
74562
74509
74507
74471
74462
74456
74414
74399
74396
74392
74367
74354
74349
74342
74331
74304
74303
74302
74286
74277
74276
74270
74253
74243
74238
74232
74218
74206
74203
74200
74185
74180
74180
74148
74125
74098
74067
74062
74033
73988
73968
73938
73918
73909
73897
73896
73893
73884
73877
73877
73870
73866
73866
73864
73858
73854
73851
73847
73811
73800
73799
73797
73795
73794
73783
73776
73765
73754
73741
73739
73738
73711
73686
73669
73632
73631
73611
73602
73592
73568
73564
73562
73544
73499
73489
73462
73461
73454
73446
73433
73432
73430
73430
73428
73413
73410
73410
73378
73374
73365
73355
73332
73329
73285
73257
73253
73245
73238
73235
73226
73224
73202
73195
73192
73181
73179
73176
73167
73162
73150
73101
73100
73090
73051
73018
72979
72964
72948
72932
72925
72919
72910
72899
72892
72880
72864
72843
72825
72813
72796
72785
72781
72762
72755
72741
72725
72700
72689
72674
72668
72666
72656
72641
72638
72626
72621
72620
72602
72597
72551
72551
72549
72539
72534
72505
72505
72498
72478
72469
72466
72451
72443
72442
72435
72421
72419
72417
72414
72413
72409
72401
72395
72389
72382
72372
72349
72314
72296
72294
72292
72288
72279
72248
72247
72247
72242
72239
72225
72222
72210
72205
72187
72183
72162
72153
72150
72135
72122
72115
72112
72111
72096
72064
72039
72037
72026
72018
72016
72010
71992
71992
71984
71972
71969
71954
71949
71946
71936
71922
71919
71911
71869
71857
71837
71810
71807
71792
71782
71765
71755
71749
71740
71740
71727
71722
71712
71697
71690
71689
71683
71666
71630
71627
71613
71612
71593
71579
71575
71572
71561
71560
71539
71526
71513
71505
71500
71494
71492
71491
71489
71483
71476
71473
71472
71469
71469
71452
71439
71439
71417
71412
71405
71343
71317
71311
71300
71285
71280
71270
71254
71249
71231
71229
71212
71194
71184
71168
71150
71142
71111
71110
71070
71045
71033
71027
71009
70995
70993
70986
70980
70971
70965
70950
70942
70940
70927
70912
70893
70877
70873
70865
70860
70853
70833
70820
70815
70802
70787
70786
70785
70727
70723
70719
70703
70698
70689
70634
70632
70626
70622
70614
70599
70580
70564
70558
70556
70530
70519
70514
70505
70490
70480
70447
70416
70412
70411
70391
70391
70383
70366
70358
70358
70358
70356
70356
70356
70349
70318
70314
70307
70284
70272
70269
70250
70244
70235
70231
70230
70225
70203
70182
70182
70167
70162
70153
70141
70122
70111
70105
70105
70103
70069
70065
70057
70050
70035
70025
70019
70007
69999
69987
69963
69960
69959
69957
69939
69938
69922
69910
69909
69904
69890
69889
69888
69886
69875
69867
69858
69857
69843
69836
69827
69807
69805
69778
69773
69755
69738
69716
69715
69711
69687
69681
69669
69660
69653
69648
69642
69595
69594
69591
69587
69573
69555
69553
69545
69535
69508
69507
69503
69501
69501
69480
69476
69473
69463
69436
69430
69429
69374
69373
69363
69362
69360
69345
69332
69327
69324
69323
69321
69319
69299
69259
69220
69190
69174
69167
69122
69120
69110
69103
69061
69060
69019
69015
69011
69008
69008
68991
68968
68938
68933
68876
68866
68858
68825
68814
68784
68777
68763
68745
68741
68734
68707
68700
68692
68661
68660
68609
68596
68576
68568
68565
68564
68561
68556
68547
68535
68531
68509
68498
68490
68467
68464
68464
68461
68451
68447
68436
68436
68426
68422
68420
68403
68375
68370
68365
68364
68364
68356
68355
68328
68306
68294
68281
68274
68263
68242
68198
68197
68171
68107
68092
68078
68054
68049
68043
68026
68016
67983
67979
67957
67944
67942
67935
67926
67896
67854
67792
67788
67786
67785
67752
67743
67737
67735
67714
67682
67672
67647
67639
67625
67624
67619
67616
67608
67600
67589
67586
67585
67576
67570
67558
67533
67525
67522
67516
67487
67475
67459
67416
67402
67391
67380
67371
67364
67364
67356
67340
67310
67273
67254
67213
67201
67191
67187
67173
67165
67150
67150
67132
67123
67120
67114
67091
67091
67086
67051
67044
67031
67019
66994
66991
66974
66945
66919
66844
66841
66826
66824
66807
66796
66758
66752
66749
66738
66712
66709
66704
66698
66669
66658
66653
66641
66613
66608
66589
66582
66544
66541
66505
66503
66498
66495
66493
66483
66481
66478
66448
66416
66410
66402
66399
66390
66389
66376
66370
66348
66343
66342
66331
66309
66306
66282
66253
66248
66240
66237
66231
66216
66207
66206
66184
66183
66181
66174
66149
66146
66133
66131
66128
66090
66090
66061
66037
66035
66034
66026
66012
65975
65974
65972
65958
65952
65949
65949
65948
65930
65916
65905
65882
65861
65858
65834
65821
65804
65784
65775
65741
65738
65710
65708
65702
65678
65664
65651
65645
65621
65574
65554
65520
65516
65516
65508
65489
65476
65456
65430
65377
65367
65361
65334
65333
65300
65297
65266
65255
65234
65231
65200
65188
65176
65146
65125
65113
65102
65078
65066
65058
65048
65043
65029
65003
65001
64988
64986
64980
64979
64968
64940
64929
64920
64914
64908
64905
64903
64900
64892
64886
64886
64883
64879
64858
64845
64802
64801
64777
64776
64748
64729
64728
64703
64697
64682
64679
64677
64676
64655
64651
64636
64635
64632
64623
64609
64606
64603
64601
64591
64586
64564
64549
64546
64541
64531
64526
64516
64514
64514
64512
64459
64449
64439
64405
64397
64396
64394
64388
64377
64368
64356
64345
64271
64271
64251
64242
64235
64219
64185
64182
64170
64153
64149
64144
64143
64125
64105
64103
64097
64084
64079
64071
64060
64018
64012
64005
63994
63969
63953
63952
63950
63940
63915
63914
63908
63906
63898
63880
63841
63834
63823
63817
63808
63792
63770
63766
63765
63764
63754
63751
63728
63684
63671
63634
63615
63605
63590
63587
63554
63542
63536
63510
63492
63474
63471
63459
63459
63455
63432
63405
63399
63381
63350
63347
63344
63339
63326
63306
63305
63301
63297
63278
63268
63263
63248
63231
63226
63222
63211
63204
63191
63184
63174
63165
63105
63102
63100
63099
63071
63061
63023
62996
62990
62989
62973
62963
62958
62948
62947
62935
62917
62916
62915
62912
62908
62874
62872
62863
62853
62848
62836
62836
62836
62829
62823
62820
62813
62801
62800
62765
62758
62752
62750
62742
62724
62720
62717
62706
62701
62694
62684
62665
62625
62607
62603
62601
62584
62566
62558
62552
62545
62535
62513
62508
62495
62494
62474
62464
62443
62442
62441
62423
62400
62396
62366
62359
62348
62345
62340
62335
62330
62317
62309
62308
62295
62286
62282
62277
62261
62248
62224
62215
62209
62202
62191
62166
62155
62151
62134
62129
62101
62062
62044
62042
61994
61977
61972
61967
61964
61960
61958
61949
61947
61946
61939
61928
61923
61921
61920
61918
61912
61886
61871
61859
61849
61842
61832
61829
61814
61807
61806
61803
61780
61777
61769
61765
61757
61748
61742
61730
61727
61724
61717
61712
61702
61676
61675
61670
61643
61640
61624
61604
61601
61572
61526
61526
61518
61507
61485
61468
61464
61445
61441
61429
61418
61415
61399
61389
61362
61344
61301
61296
61292
61291
61280
61254
61246
61241
61233
61205
61202
61197
61189
61184
61171
61153
61144
61139
61136
61127
61121
61120
61110
61109
61105
61098
61088
61017
60989
60968
60952
60925
60911
60904
60903
60867
60790
60768
60744
60738
60730
60713
60713
60702
60674
60670
60668
60660
60653
60645
60643
60639
60615
60613
60597
60585
60565
60558
60524
60517
60503
60498
60428
60425
60422
60412
60401
60397
60337
60326
60308
60306
60298
60296
60294
60290
60275
60272
60263
60263
60214
60199
60190
60185
60157
60156
60127
60123
60122
60109
60108
60092
60090
60089
60083
60065
60058
60057
60045
60035
60023
60013
60006
59991
59975
59973
59969
59962
59939
59936
59912
59905
59887
59869
59825
59817
59816
59812
59799
59797
59795
59795
59787
59740
59725
59724
59696
59692
59681
59667
59640
59634
59629
59622
59617
59615
59615
59597
59583
59561
59560
59558
59554
59552
59552
59548
59528
59519
59519
59518
59506
59503
59473
59458
59457
59441
59424
59406
59395
59390
59382
59370
59362
59360
59339
59337
59335
59310
59261
59240
59235
59234
59219
59199
59194
59178
59174
59167
59166
59161
59143
59143
59132
59126
59113
59098
59065
59057
59037
59015
59011
58989
58986
58978
58954
58950
58930
58919
58910
58903
58898
58898
58895
58893
58878
58860
58848
58848
58843
58834
58828
58799
58796
58794
58771
58767
58766
58765
58761
58758
58740
58722
58718
58674
58655
58652
58649
58624
58605
58577
58566
58545
58507
58489
58450
58420
58416
58368
58364
58329
58320
58266
58258
58244
58241
58234
58233
58232
58231
58214
58202
58197
58193
58145
58137
58130
58111
58101
58096
58080
58063
58059
58053
58030
58029
58024
58019
58016
58015
58010
58007
58003
58003
57986
57974
57969
57951
57923
57915
57891
57879
57866
57854
57848
57846
57822
57821
57807
57799
57798
57776
57759
57735
57714
57705
57693
57676
57672
57645
57633
57605
57600
57599
57595
57589
57586
57580
57565
57531
57529
57521
57517
57513
57510
57508
57508
57507
57496
57495
57488
57479
57479
57448
57417
57398
57371
57368
57360
57348
57345
57343
57334
57326
57312
57309
57298
57282
57279
57270
57247
57247
57236
57236
57219
57208
57161
57143
57128
57115
57114
57099
57090
57078
57076
57075
57054
57044
57026
57024
57011
57007
57004
56992
56988
56981
56974
56972
56970
56969
56957
56936
56931
56910
56905
56896
56896
56895
56855
56851
56846
56843
56832
56829
56820
56810
56796
56795
56790
56785
56783
56757
56723
56721
56719
56671
56633
56625
56595
56595
56567
56562
56546
56541
56528
56512
56500
56498
56478
56464
56453
56452
56451
56430
56430
56425
56422
56402
56394
56392
56392
56371
56356
56348
56345
56311
56306
56299
56268
56260
56247
56238
56232
56210
56196
56189
56162
56159
56148
56147
56146
56143
56135
56121
56120
56061
56056
56052
56021
56011
55998
55971
55968
55943
55907
55886
55881
55878
55867
55864
55789
55783
55777
55763
55757
55750
55750
55744
55681
55628
55628
55606
55573
55551
55539
55496
55487
55401
55400
55400
55375
55369
55335
55288
55278
55252
55237
55174
55172
55168
55125
55122
55117
55094
55092
55089
55069
55042
55040
55038
55037
55017
54996
54957
54942
54942
54941
54935
54920
54900
54896
54890
54882
54840
54836
54819
54785
54771
54750
54724
54711
54694
54687
54678
54635
54633
54628
54600
54580
54568
54566
54566
54565
54541
54522
54520
54503
54496
54491
54482
54468
54463
54448
54434
54419
54404
54404
54401
54381
54379
54370
54365
54355
54343
54326
54316
54315
54311
54296
54259
54247
54243
54241
54227
54213
54174
54173
54170
54160
54159
54137
54116
54103
54093
54085
54080
54077
54072
54063
54011
54004
53997
53990
53974
53967
53952
53951
53938
53925
53922
53919
53905
53895
53894
53882
53873
53872
53868
53862
53854
53837
53820
53802
53800
53792
53789
53776
53745
53725
53720
53718
53706
53705
53696
53695
53684
53680
53676
53672
53657
53650
53647
53646
53646
53630
53591
53589
53569
53549
53527
53512
53505
53501
53497
53493
53475
53448
53439
53437
53433
53423
53415
53414
53381
53368
53305
53290
53280
53209
53195
53165
53162
53161
53153
53139
53115
53092
53088
53083
53077
53072
53063
53043
53028
53019
53015
53015
53011
53004
52998
52994
52985
52946
52942
52941
52915
52910
52903
52898
52873
52868
52863
52838
52836
52831
52827
52820
52819
52801
52797
52781
52778
52776
52769
52723
52718
52708
52706
52702
52702
52599
52550
52547
52536
52533
52497
52469
52462
52460
52453
52447
52446
52425
52408
52370
52361
52360
52356
52349
52331
52322
52318
52296
52290
52254
52252
52245
52236
52160
52155
52152
52148
52140
52127
52120
52110
52109
52083
52082
52069
52068
52056
52040
52028
52021
52010
51970
51948
51947
51947
51941
51918
51914
51911
51902
51882
51876
51871
51858
51846
51846
51828
51804
51796
51769
51765
51763
51740
51731
51725
51707
51682
51673
51671
51659
51632
51619
51619
51615
51583
51560
51551
51534
51505
51504
51503
51501
51485
51480
51477
51462
51458
51457
51457
51449
51411
51410
51406
51390
51386
51339
51323
51318
51314
51308
51285
51278
51265
51263
51256
51211
51208
51187
51176
51150
51139
51132
51116
51105
51103
51075
51074
51069
51067
51065
51045
51042
51028
50984
50982
50977
50952
50948
50940
50920
50913
50900
50892
50875
50860
50857
50841
50824
50819
50806
50798
50797
50787
50787
50783
50774
50745
50734
50734
50720
50717
50711
50690
50682
50675
50655
50646
50641
50616
50614
50596
50594
50549
50549
50534
50486
50463
50453
50440
50433
50427
50420
50408
50398
50397
50382
50380
50377
50330
50313
50288
50265
50257
50249
50235
50226
50215
50210
50191
50159
50140
50137
50129
50123
50104
50089
50082
50066
50029
50024
50008
50001
50000
49996
49993
49976
49928
49916
49914
49904
49900
49884
49875
49874
49870
49867
49819
49813
49805
49768
49763
49698
49698
49687
49673
49664
49644
49635
49634
49631
49630
49621
49615
49608
49546
49544
49536
49536
49536
49524
49519
49512
49494
49481
49469
49466
49446
49441
49430
49427
49355
49345
49323
49317
49308
49297
49293
49287
49283
49279
49271
49249
49245
49241
49228
49195
49189
49186
49114
49102
49066
49060
49030
49030
49018
49014
48980
48969
48964
48958
48916
48874
48874
48873
48832
48825
48822
48819
48813
48803
48779
48768
48756
48739
48737
48736
48729
48683
48678
48673
48664
48652
48647
48637
48627
48622
48617
48601
48567
48559
48544
48543
48540
48520
48498
48461
48448
48422
48410
48406
48402
48369
48353
48342
48339
48337
48317
48311
48292
48282
48281
48281
48280
48278
48264
48245
48243
48238
48235
48230
48218
48214
48178
48172
48162
48147
48145
48139
48115
48110
48109
48104
48083
48079
48075
48068
48067
48058
48051
48048
48044
48041
48025
48016
47994
47976
47974
47962
47956
47944
47911
47902
47886
47862
47835
47835
47834
47822
47810
47808
47773
47762
47759
47744
47724
47719
47685
47684
47683
47679
47677
47670
47638
47634
47631
47629
47609
47604
47573
47568
47560
47552
47535
47521
47519
47509
47508
47504
47492
47469
47451
47447
47428
47427
47423
47367
47353
47353
47350
47347
47347
47298
47294
47289
47288
47281
47268
47263
47226
47185
47175
47166
47165
47136
47121
47111
47086
47080
47072
47072
47067
47046
47041
47035
47000
46996
46979
46978
46956
46954
46951
46942
46937
46927
46889
46875
46857
46852
46838
46832
46827
46827
46792
46773
46769
46769
46768
46726
46710
46662
46661
46653
46633
46585
46568
46555
46554
46552
46546
46542
46522
46508
46492
46489
46485
46478
46477
46468
46454
46446
46432
46425
46413
46407
46401
46400
46369
46358
46350
46341
46309
46262
46170
46161
46150
46149
46130
46130
46127
46118
46095
46094
46068
46063
46059
46042
46040
46038
46037
46035
46010
46002
45998
45991
45985
45958
45942
45941
45923
45902
45897
45894
45883
45858
45858
45843
45827
45821
45799
45784
45771
45766
45756
45753
45745
45744
45735
45725
45717
45710
45706
45662
45658
45657
45638
45621
45571
45551
45516
45509
45470
45469
45463
45462
45447
45422
45418
45417
45388
45379
45376
45348
45336
45329
45324
45308
45284
45264
45244
45184
45164
45148
45134
45114
45109
45099
45095
45092
45088
45088
45084
45075
45069
45041
45018
45002
44996
44969
44966
44953
44951
44941
44938
44933
44931
44914
44909
44865
44846
44842
44826
44825
44821
44793
44786
44775
44751
44747
44736
44730
44726
44719
44695
44692
44692
44687
44666
44661
44656
44649
44610
44590
44562
44561
44552
44539
44534
44513
44506
44483
44454
44440
44431
44418
44412
44389
44378
44358
44347
44347
44323
44311
44308
44296
44286
44276
44268
44266
44253
44190
44165
44162
44153
44149
44145
44145
44119
44119
44104
44100
44061
44051
44048
44044
43967
43946
43943
43939
43932
43931
43931
43930
43927
43923
43920
43908
43886
43878
43832
43832
43817
43810
43802
43797
43792
43788
43768
43749
43744
43720
43718
43695
43690
43676
43668
43668
43638
43637
43633
43625
43620
43613
43611
43609
43600
43588
43586
43581
43579
43571
43557
43545
43533
43529
43478
43464
43455
43423
43401
43386
43379
43377
43355
43354
43343
43333
43331
43310
43297
43266
43242
43224
43212
43179
43174
43167
43162
43155
43152
43118
43118
43088
43075
43038
42992
42984
42955
42954
42912
42909
42882
42866
42853
42850
42819
42812
42789
42750
42745
42701
42697
42673
42653
42626
42615
42610
42597
42590
42581
42573
42573
42546
42544
42522
42515
42507
42462
42457
42454
42453
42452
42449
42433
42427
42425
42417
42412
42395
42393
42386
42384
42373
42353
42350
42325
42302
42279
42273
42245
42240
42218
42204
42199
42180
42174
42164
42156
42155
42151
42110
42105
42104
42101
42088
42070
42059
42033
42029
41997
41981
41975
41972
41971
41951
41915
41911
41899
41891
41882
41874
41860
41829
41815
41777
41777
41774
41748
41740
41729
41721
41719
41691
41642
41633
41623
41621
41618
41612
41609
41600
41557
41555
41539
41525
41523
41513
41496
41476
41463
41463
41450
41446
41435
41435
41434
41413
41412
41397
41392
41374
41369
41367
41362
41345
41343
41329
41318
41265
41264
41262
41247
41228
41223
41212
41207
41186
41186
41169
41162
41157
41149
41149
41143
41141
41140
41133
41131
41120
41099
41089
41084
41073
41042
41038
41029
40969
40966
40956
40955
40953
40918
40918
40915
40904
40891
40890
40882
40876
40871
40862
40858
40854
40842
40834
40828
40818
40799
40793
40792
40773
40767
40730
40728
40706
40703
40674
40674
40668
40651
40646
40636
40599
40596
40588
40572
40569
40543
40508
40493
40468
40457
40452
40437
40434
40433
40398
40370
40368
40338
40322
40320
40312
40297
40290
40285
40272
40263
40245
40171
40153
40136
40110
40095
40093
40083
40074
40072
40048
40042
40030
40028
40015
40007
40006
39987
39985
39983
39975
39944
39924
39908
39900
39896
39890
39878
39870
39869
39863
39861
39851
39846
39838
39833
39811
39809
39796
39784
39768
39758
39734
39732
39715
39671
39634
39625
39621
39620
39584
39563
39554
39552
39522
39515
39510
39509
39485
39473
39472
39453
39453
39449
39446
39444
39437
39426
39409
39400
39387
39373
39371
39350
39342
39341
39340
39327
39326
39318
39281
39280
39270
39256
39247
39240
39240
39215
39210
39209
39203
39200
39191
39185
39183
39165
39160
39156
39112
39105
39104
39068
39061
39040
39036
39016
39015
38991
38990
38945
38937
38934
38930
38923
38909
38908
38908
38838
38836
38832
38832
38801
38798
38797
38791
38786
38749
38748
38732
38724
38682
38638
38636
38635
38629
38625
38597
38587
38539
38526
38521
38520
38519
38513
38512
38490
38490
38458
38434
38427
38423
38410
38409
38405
38380
38359
38350
38348
38342
38329
38326
38310
38272
38220
38215
38194
38179
38179
38162
38143
38138
38127
38116
38097
38070
38053
38044
38041
38038
38023
38017
38009
38002
37997
37969
37967
37964
37948
37915
37914
37912
37911
37876
37876
37860
37858
37842
37834
37829
37820
37818
37796
37790
37780
37774
37772
37760
37751
37750
37745
37736
37725
37723
37672
37655
37638
37623
37621
37578
37569
37546
37537
37537
37535
37514
37513
37506
37497
37491
37469
37467
37460
37460
37417
37404
37393
37386
37374
37359
37353
37350
37344
37343
37342
37333
37320
37319
37309
37306
37305
37300
37285
37283
37282
37255
37245
37234
37226
37206
37204
37203
37202
37196
37159
37154
37149
37145
37133
37119
37103
37093
37088
37085
37082
37050
37032
36988
36957
36956
36938
36920
36895
36889
36884
36869
36856
36831
36815
36811
36807
36776
36775
36773
36746
36744
36742
36728
36710
36699
36678
36677
36669
36637
36616
36616
36580
36577
36572
36569
36567
36557
36536
36524
36495
36493
36464
36457
36454
36451
36376
36371
36358
36351
36347
36339
36334
36334
36313
36313
36311
36309
36294
36294
36286
36276
36270
36264
36253
36228
36219
36193
36190
36187
36180
36179
36155
36138
36123
36121
36110
36107
36085
36077
36068
36058
36046
36040
36011
36000
35989
35986
35984
35945
35935
35919
35908
35868
35866
35854
35854
35827
35797
35789
35783
35781
35775
35745
35733
35711
35704
35696
35688
35680
35677
35676
35654
35624
35613
35611
35586
35575
35573
35573
35568
35565
35557
35554
35550
35541
35530
35495
35468
35464
35427
35424
35423
35397
35395
35372
35368
35350
35314
35312
35296
35273
35241
35232
35225
35219
35212
35194
35174
35173
35144
35131
35122
35110
35067
35066
35065
35058
35056
35049
35045
35035
35035
35032
35024
35015
35008
35005
34970
34956
34946
34910
34906
34901
34899
34890
34878
34840
34808
34803
34799
34786
34766
34743
34724
34712
34707
34701
34674
34630
34623
34601
34599
34591
34588
34558
34525
34523
34499
34496
34486
34482
34478
34466
34450
34433
34431
34431
34427
34423
34414
34396
34392
34379
34363
34347
34326
34324
34321
34260
34234
34166
34165
34142
34130
34118
34110
34106
34104
34103
34100
34094
34094
34083
34081
34078
34078
34075
34069
34014
33997
33976
33943
33919
33906
33904
33898
33896
33881
33858
33855
33849
33848
33845
33844
33808
33794
33775
33751
33744
33724
33723
33706
33695
33693
33690
33685
33668
33664
33661
33618
33567
33566
33565
33539
33538
33525
33524
33515
33514
33482
33465
33458
33445
33442
33440
33429
33425
33416
33407
33392
33390
33367
33366
33352
33324
33313
33309
33302
33262
33258
33257
33255
33250
33250
33249
33242
33239
33238
33216
33207
33203
33200
33188
33183
33179
33177
33165
33135
33127
33120
33113
33100
33091
33079
33077
33061
33047
33047
33023
33019
33009
32999
32996
32967
32907
32902
32894
32893
32886
32885
32832
32814
32809
32799
32786
32779
32759
32755
32752
32751
32720
32717
32711
32688
32685
32664
32662
32656
32648
32636
32634
32625
32623
32594
32581
32577
32539
32539
32494
32493
32484
32468
32468
32462
32456
32451
32450
32448
32436
32424
32419
32408
32405
32401
32396
32387
32373
32340
32323
32309
32300
32290
32277
32272
32267
32255
32248
32240
32219
32196
32184
32180
32178
32165
32147
32137
32135
32115
32103
32096
32090
32074
32054
32051
32045
32044
32040
32034
32025
31995
31970
31962
31961
31958
31953
31951
31941
31928
31922
31917
31894
31869
31866
31854
31851
31826
31812
31809
31801
31785
31783
31749
31748
31705
31704
31704
31695
31673
31668
31665
31657
31622
31617
31596
31593
31584
31581
31580
31563
31555
31546
31522
31497
31492
31450
31440
31431
31406
31405
31401
31380
31335
31328
31325
31320
31320
31318
31292
31284
31270
31253
31245
31238
31234
31231
31217
31204
31201
31185
31175
31158
31153
31142
31118
31109
31107
31084
31045
31040
31039
31034
31010
30982
30967
30954
30953
30946
30917
30877
30874
30870
30865
30853
30850
30843
30834
30806
30804
30790
30754
30743
30733
30730
30725
30705
30671
30663
30662
30649
30645
30600
30587
30573
30550
30536
30525
30509
30507
30506
30484
30480
30455
30448
30448
30432
30425
30423
30400
30393
30390
30383
30359
30353
30338
30327
30326
30321
30299
30299
30285
30224
30222
30218
30215
30169
30167
30154
30153
30142
30136
30135
30131
30107
30103
30102
30099
30094
30093
30087
30054
30032
30024
30005
29991
29966
29951
29946
29945
29941
29911
29907
29888
29879
29877
29877
29872
29840
29828
29826
29824
29815
29813
29804
29777
29772
29759
29754
29705
29699
29682
29679
29677
29676
29672
29668
29663
29626
29625
29579
29577
29561
29541
29528
29502
29470
29452
29449
29437
29421
29413
29389
29384
29375
29373
29361
29361
29343
29338
29302
29301
29301
29286
29267
29259
29249
29244
29239
29239
29230
29224
29219
29201
29199
29198
29197
29187
29186
29176
29165
29157
29153
29148
29140
29132
29129
29117
29106
29053
29048
29036
29026
29023
29000
28988
28979
28978
28951
28934
28932
28929
28909
28903
28898
28881
28847
28839
28837
28833
28809
28804
28795
28787
28762
28747
28730
28724
28711
28705
28692
28673
28672
28658
28652
28624
28623
28612
28587
28573
28570
28544
28532
28522
28517
28511
28500
28477
28475
28453
28433
28432
28408
28400
28399
28395
28385
28368
28348
28328
28294
28289
28268
28215
28189
28151
28142
28142
28132
28129
28129
28118
28117
28115
28115
28102
28090
28088
28087
28085
28037
28030
28017
28000
27988
27985
27966
27962
27917
27880
27865
27858
27855
27855
27851
27824
27790
27789
27761
27749
27731
27709
27700
27698
27692
27653
27640
27637
27635
27630
27629
27629
27627
27614
27610
27601
27577
27567
27566
27564
27554
27548
27544
27530
27521
27505
27504
27470
27422
27404
27376
27359
27355
27346
27335
27328
27304
27300
27299
27286
27272
27267
27256
27241
27230
27218
27208
27202
27194
27179
27174
27166
27155
27146
27134
27126
27121
27116
27112
27103
27084
27083
27075
27059
27059
27058
27053
27017
26984
26965
26915
26908
26861
26858
26821
26808
26799
26764
26757
26745
26721
26719
26714
26699
26659
26653
26633
26628
26614
26613
26603
26603
26574
26572
26567
26564
26542
26530
26522
26521
26498
26450
26428
26418
26416
26415
26409
26406
26404
26403
26373
26362
26362
26360
26354
26350
26346
26334
26328
26311
26308
26301
26284
26263
26250
26225
26222
26215
26193
26170
26164
26146
26138
26119
26107
26083
26073
26059
26057
26027
26024
26024
26011
26008
25994
25992
25990
25978
25970
25958
25949
25917
25914
25899
25895
25895
25895
25883
25882
25881
25837
25823
25818
25813
25813
25800
25796
25791
25769
25767
25767
25763
25748
25747
25730
25728
25706
25705
25703
25692
25691
25678
25667
25627
25626
25601
25588
25577
25575
25536
25528
25527
25525
25500
25481
25479
25475
25462
25462
25461
25453
25453
25441
25437
25434
25433
25415
25395
25388
25387
25383
25372
25362
25342
25339
25333
25323
25310
25305
25267
25257
25251
25230
25228
25202
25179
25175
25163
25159
25131
25113
25107
25077
25075
25063
25057
25056
25049
25040
25030
25012
25002
24994
24989
24988
24987
24985
24983
24981
24966
24963
24963
24959
24952
24940
24929
24925
24883
24862
24852
24839
24781
24769
24769
24759
24750
24707
24703
24683
24679
24675
24663
24650
24641
24639
24637
24630
24615
24611
24602
24577
24560
24542
24540
24516
24510
24479
24470
24424
24419
24394
24393
24392
24388
24375
24373
24347
24343
24319
24316
24305
24295
24291
24269
24219
24211
24209
24207
24205
24204
24197
24190
24188
24179
24177
24149
24115
24095
24077
24068
24067
24055
24049
24037
24037
24024
24011
23998
23994
23936
23929
23920
23893
23891
23863
23861
23857
23856
23787
23768
23761
23736
23724
23708
23707
23682
23671
23668
23668
23651
23650
23649
23640
23630
23618
23604
23596
23549
23549
23545
23540
23519
23512
23511
23463
23463
23442
23441
23437
23436
23426
23420
23419
23419
23400
23386
23373
23360
23346
23327
23309
23289
23271
23254
23249
23247
23231
23219
23201
23198
23189
23174
23172
23172
23152
23141
23137
23075
23068
23059
23053
23049
23030
23023
23017
22989
22980
22957
22953
22952
22951
22935
22918
22884
22852
22835
22834
22826
22821
22810
22795
22770
22763
22751
22740
22723
22715
22702
22694
22669
22661
22660
22660
22659
22633
22622
22608
22605
22603
22589
22588
22583
22547
22547
22538
22532
22517
22515
22484
22480
22463
22455
22449
22440
22426
22421
22397
22364
22363
22355
22351
22349
22344
22340
22338
22326
22316
22299
22291
22265
22262
22259
22252
22252
22232
22212
22199
22166
22162
22142
22129
22120
22101
22091
22083
22071
22068
22039
22016
22004
22003
21980
21957
21936
21931
21907
21900
21879
21870
21843
21834
21814
21808
21800
21798
21786
21783
21771
21771
21744
21740
21733
21719
21708
21693
21674
21664
21650
21643
21638
21621
21605
21601
21599
21596
21587
21576
21546
21536
21530
21487
21478
21469
21445
21411
21383
21373
21363
21343
21335
21322
21292
21247
21242
21236
21232
21216
21199
21197
21191
21184
21173
21160
21149
21123
21117
21091
21064
21059
21058
21057
21049
21034
21023
21015
21010
20988
20983
20978
20968
20965
20957
20916
20911
20903
20900
20879
20875
20871
20834
20832
20822
20814
20797
20743
20741
20734
20719
20712
20695
20670
20666
20639
20634
20618
20599
20596
20596
20595
20592
20591
20574
20566
20561
20561
20558
20547
20544
20543
20538
20531
20510
20507
20498
20497
20490
20472
20471
20471
20446
20445
20444
20418
20413
20412
20396
20365
20361
20333
20304
20302
20277
20272
20267
20266
20250
20244
20244
20198
20196
20187
20177
20150
20141
20133
20114
20113
20090
20070
20058
20031
20028
20026
20018
19997
19997
19994
19993
19984
19946
19942
19927
19921
19903
19866
19856
19845
19827
19785
19784
19766
19760
19758
19757
19756
19750
19736
19715
19690
19686
19670
19644
19606
19591
19581
19579
19569
19564
19557
19554
19536
19508
19468
19434
19424
19421
19413
19400
19386
19365
19362
19352
19338
19306
19295
19260
19253
19245
19224
19204
19198
19191
19186
19179
19163
19154
19131
19130
19117
19074
19066
19053
19030
19001
18995
18979
18926
18914
18857
18843
18842
18839
18835
18828
18828
18801
18792
18747
18732
18728
18691
18642
18636
18634
18623
18622
18622
18620
18618
18603
18560
18559
18524
18519
18501
18496
18494
18487
18479
18451
18450
18390
18384
18381
18380
18379
18366
18338
18327
18319
18309
18292
18272
18252
18252
18244
18225
18207
18200
18190
18190
18169
18167
18134
18114
18106
18103
18092
18088
18071
18069
18062
18036
18031
18017
18016
17997
17996
17953
17950
17946
17941
17886
17883
17878
17869
17851
17846
17839
17838
17822
17806
17785
17768
17757
17709
17709
17686
17670
17661
17649
17617
17615
17608
17593
17557
17556
17547
17545
17522
17501
17472
17470
17461
17454
17445
17436
17423
17395
17393
17388
17348
17330
17325
17325
17310
17295
17285
17284
17276
17276
17269
17269
17261
17257
17255
17247
17231
17217
17194
17193
17192
17175
17167
17147
17094
17072
17064
17041
17036
17005
16999
16953
16950
16942
16926
16922
16912
16893
16889
16886
16857
16849
16839
16821
16819
16782
16770
16766
16764
16762
16756
16755
16751
16744
16737
16734
16718
16711
16675
16654
16625
16623
16619
16572
16567
16566
16565
16534
16525
16506
16499
16495
16477
16473
16472
16468
16456
16443
16441
16438
16434
16422
16390
16374
16363
16363
16337
16332
16331
16326
16298
16298
16262
16241
16218
16205
16201
16190
16187
16166
16159
16155
16150
16119
16108
16107
16106
16105
16101
16093
16077
16056
16054
16034
16004
16001
15997
15994
15989
15979
15965
15964
15955
15940
15940
15938
15875
15821
15811
15806
15788
15778
15774
15752
15751
15748
15736
15731
15726
15717
15715
15707
15676
15659
15657
15627
15612
15598
15597
15574
15564
15562
15557
15550
15547
15537
15530
15526
15525
15512
15475
15471
15466
15463
15459
15450
15442
15424
15391
15387
15377
15369
15347
15315
15295
15292
15289
15288
15283
15283
15260
15259
15237
15218
15205
15181
15170
15147
15138
15133
15131
15088
15084
15076
15073
15028
15025
15021
15020
15007
14995
14981
14947
14938
14908
14882
14871
14869
14855
14852
14847
14843
14816
14812
14806
14797
14788
14783
14764
14733
14718
14710
14709
14705
14703
14687
14687
14685
14668
14666
14641
14633
14605
14605
14583
14571
14559
14535
14523
14504
14504
14496
14470
14453
14444
14442
14435
14409
14406
14397
14392
14379
14377
14350
14349
14334
14306
14297
14290
14286
14284
14281
14275
14267
14251
14243
14240
14223
14221
14207
14150
14148
14137
14135
14133
14126
14121
14114
14079
14076
14054
14045
14042
14033
14009
13990
13986
13978
13970
13934
13902
13897
13893
13879
13875
13843
13829
13801
13790
13786
13780
13775
13774
13773
13765
13757
13739
13724
13722
13704
13696
13689
13672
13666
13663
13655
13643
13636
13634
13631
13624
13593
13566
13562
13562
13546
13517
13514
13484
13482
13450
13423
13406
13404
13397
13381
13379
13378
13354
13351
13344
13339
13312
13301
13300
13291
13274
13270
13250
13249
13237
13225
13222
13218
13215
13215
13204
13191
13190
13184
13166
13163
13159
13157
13130
13128
13117
13116
13115
13109
13103
13102
13082
13080
13072
13060
13045
13035
13032
13015
13003
12956
12947
12906
12903
12883
12872
12864
12848
12830
12822
12812
12806
12781
12776
12769
12742
12739
12719
12718
12690
12685
12684
12675
12674
12639
12638
12625
12623
12623
12622
12622
12619
12609
12603
12602
12582
12573
12569
12551
12547
12524
12522
12515
12459
12442
12437
12435
12434
12424
12413
12401
12399
12387
12384
12371
12331
12329
12329
12278
12276
12268
12253
12241
12240
12236
12234
12232
12231
12225
12207
12185
12184
12181
12174
12167
12160
12160
12145
12134
12108
12081
12072
12049
12025
12024
12012
12003
11998
11975
11961
11921
11907
11907
11900
11897
11895
11884
11871
11867
11839
11826
11826
11809
11805
11801
11797
11788
11767
11738
11709
11697
11694
11688
11650
11637
11629
11620
11620
11620
11616
11615
11608
11586
11584
11567
11555
11547
11539
11529
11511
11508
11503
11484
11474
11470
11433
11423
11408
11400
11398
11387
11368
11367
11366
11362
11349
11289
11274
11257
11242
11230
11227
11208
11203
11152
11128
11124
11119
11100
11094
11091
11089
11078
11063
11063
11058
11031
11029
11029
11026
10966
10956
10948
10945
10944
10921
10907
10906
10886
10881
10877
10859
10832
10820
10771
10747
10743
10732
10727
10716
10702
10699
10695
10676
10672
10668
10663
10655
10641
10613
10610
10608
10598
10578
10576
10565
10560
10553
10553
10541
10541
10532
10521
10521
10483
10452
10445
10443
10403
10402
10398
10392
10391
10384
10381
10365
10353
10353
10342
10321
10319
10315
10307
10291
10285
10277
10261
10247
10232
10228
10214
10203
10176
10158
10150
10146
10125
10113
10094
10094
10082
10056
10035
10019
10004
10001
9996
9994
9976
9945
9943
9928
9916
9909
9908
9895
9882
9867
9850
9839
9830
9827
9826
9825
9777
9774
9767
9743
9740
9735
9717
9714
9695
9670
9639
9638
9631
9615
9579
9574
9535
9508
9498
9446
9445
9434
9419
9415
9401
9396
9384
9367
9366
9356
9353
9346
9320
9320
9302
9270
9269
9268
9250
9246
9244
9231
9217
9195
9193
9190
9188
9173
9149
9137
9128
9080
9053
9053
9041
9034
8956
8947
8919
8914
8904
8896
8879
8872
8871
8867
8862
8859
8856
8834
8832
8815
8808
8801
8797
8762
8760
8740
8730
8687
8685
8681
8673
8667
8664
8644
8644
8632
8627
8615
8612
8591
8573
8572
8541
8532
8513
8427
8426
8394
8392
8358
8354
8343
8341
8333
8324
8312
8300
8285
8257
8222
8207
8203
8197
8191
8180
8174
8162
8161
8144
8129
8125
8124
8121
8109
8106
8090
8063
8059
8056
8055
8016
8009
7991
7991
7974
7974
7966
7955
7950
7929
7924
7923
7921
7921
7915
7915
7907
7875
7873
7867
7859
7837
7829
7825
7824
7821
7809
7736
7732
7730
7727
7722
7716
7702
7691
7651
7650
7633
7629
7615
7603
7590
7589
7587
7586
7577
7572
7562
7502
7454
7440
7440
7390
7389
7372
7368
7357
7347
7343
7333
7328
7318
7314
7293
7274
7273
7272
7265
7263
7242
7238
7228
7221
7185
7184
7180
7176
7175
7137
7127
7124
7116
7085
7084
7072
7071
7062
7061
7056
7053
7050
7048
7010
7005
6991
6988
6968
6959
6952
6949
6947
6927
6922
6919
6907
6904
6901
6833
6821
6813
6808
6803
6787
6781
6769
6756
6756
6749
6736
6696
6683
6669
6642
6626
6625
6610
6597
6595
6587
6570
6544
6519
6511
6505
6486
6486
6483
6469
6464
6462
6460
6460
6445
6435
6409
6409
6407
6396
6377
6346
6341
6339
6331
6327
6305
6302
6298
6294
6281
6273
6273
6271
6264
6260
6259
6241
6241
6239
6226
6192
6189
6176
6137
6113
6112
6109
6108
6098
6092
6091
6080
6077
6057
6044
6032
6021
6000
5989
5984
5976
5925
5920
5914
5821
5816
5815
5806
5764
5760
5757
5752
5729
5722
5713
5687
5686
5680
5673
5673
5651
5648
5636
5634
5626
5617
5612
5588
5579
5568
5516
5512
5485
5456
5450
5450
5447
5431
5429
5405
5402
5378
5372
5372
5349
5337
5334
5315
5310
5309
5305
5295
5281
5272
5266
5247
5220
5180
5167
5148
5143
5127
5118
5101
5093
5091
5075
5066
5059
5057
5045
5042
5037
5034
5029
5022
5011
5004
5001
4996
4990
4989
4988
4970
4958
4955
4949
4916
4904
4902
4828
4825
4797
4768
4749
4739
4736
4727
4727
4721
4717
4711
4684
4684
4675
4661
4661
4657
4655
4654
4643
4627
4612
4612
4593
4566
4565
4563
4543
4475
4463
4456
4453
4430
4417
4414
4408
4392
4379
4374
4371
4368
4344
4333
4306
4273
4256
4250
4213
4210
4181
4171
4157
4143
4129
4101
4100
4095
4094
4084
4047
4012
4002
3952
3934
3923
3920
3915
3871
3833
3830
3801
3793
3781
3753
3740
3730
3701
3680
3677
3673
3667
3662
3644
3641
3637
3635
3611
3611
3596
3596
3594
3570
3557
3538
3526
3525
3523
3497
3482
3473
3452
3451
3451
3443
3425
3422
3422
3403
3399
3381
3361
3341
3340
3332
3331
3313
3305
3298
3297
3258
3221
3211
3202
3190
3189
3180
3113
3107
3094
3080
3080
3071
3050
3034
2999
2998
2989
2988
2975
2969
2961
2959
2950
2942
2935
2920
2898
2887
2876
2854
2844
2829
2828
2825
2824
2823
2817
2814
2800
2790
2782
2778
2777
2757
2750
2745
2744
2725
2706
2696
2666
2661
2652
2642
2642
2615
2585
2580
2562
2547
2519
2506
2501
2478
2468
2431
2429
2428
2423
2415
2386
2384
2374
2368
2362
2360
2353
2348
2336
2328
2304
2291
2284
2278
2263
2252
2243
2239
2233
2215
2200
2195
2172
2158
2133
2121
2120
2112
2111
2109
2102
2098
2097
2094
2085
2076
2074
2041
2005
1997
1976
1971
1955
1946
1908
1907
1906
1893
1889
1886
1869
1867
1860
1843
1842
1840
1834
1790
1779
1759
1734
1718
1714
1673
1607
1589
1582
1572
1570
1565
1562
1554
1550
1541
1540
1522
1516
1504
1493
1464
1434
1425
1395
1395
1388
1378
1376
1371
1366
1314
1309
1290
1286
1271
1221
1214
1194
1181
1178
1169
1169
1162
1148
1145
1127
1121
1120
1110
1108
1083
1071
1053
1051
1051
1038
991
981
972
969
963
947
946
904
894
893
885
870
866
860
826
822
821
806
804
802
794
784
773
771
752
751
739
730
707
706
703
690
689
682
666
653
651
646
631
615
607
603
595
594
591
577
532
528
517
508
496
496
481
476
474
471
460
453
431
390
376
352
331
331
328
321
284
284
282
279
273
260
252
247
240
215
208
204
184
171
168
166
143
137
120
114
102
86
70
67
43
41
22
21
