34118
30153
95659
21149
89163
33618
94580
61233
17709
66807
72016
78418
56478
12145
97331
61742
64514
40272
66306
82070
50137
85274
45264
10381
32967
83565
11349
893
13117
4129
55496
86756
89125
34890
25881
16332
75439
46937
50734
72409
90387
61601
5143
35611
81730
20471
21232
82723
18190
71666
22547
70225
64018
69362
20983
71500
50463
16734
67785
58860
38405
1893
30917
3473
49466
10886
84977
16886
19306
1867
65974
63071
88283
99216
99100
54448
70235
53922
75297
10392
4904
86082
33238
82570
17276
8808
70358
15020
25748
22661
65188
82280
99579
77121
32832
56832
2263
90562
89349
88670
67600
86734
86722
62474
74456
61928
22835
8180
21596
98454
37467
11089
29413
80419
58624
70723
67979
97056
53028
15025
29239
83686
90619
73430
39987
68535
19758
25461
9041
85634
13130
44938
89973
79876
46661
6587
51551
12812
8016
8109
72505
38423
11026
65651
85337
40858
92070
59905
3635
18207
60306
53952
57247
83558
50690
79610
51074
9996
80610
97044
96796
30953
21173
72892
4749
61939
18036
59799
62724
75200
12806
54941
70182
15369
74200
69473
70167
26699
29754
86792
6377
40871
47350
49819
70942
86440
24205
55288
93595
77572
88400
73410
61643
60156
85432
45336
40588
95934
38434
34083
15131
93866
75243
96233
69591
33425
771
63615
20244
40569
58193
24188
86495
36253
99139
904
81641
17617
93552
32051
19186
76163
95853
15938
75923
87646
69960
64900
24839
13128
24068
45571
86039
21643
32625
99029
89345
28017
58919
58898
1860
6696
83167
76480
51947
85541
1038
42507
53139
24197
29375
45744
32219
72910
14764
98264
9767
55092
81049
11586
38513
99415
25837
54137
98669
56970
30509
95877
56790
50382
30135
40093
38682
53789
43768
282
11616
78819
92234
53862
99409
90343
52110
22355
52010
51911
37282
50249
5180
33313
22463
21015
16190
89390
4593
7691
784
37672
81364
62396
11788
60653
24615
15940
62603
40572
51504
90188
79954
88827
38220
24319
33943
14267
79505
15424
97075
83027
88098
43832
15526
57866
79342
82343
28898
73489
49189
284
31253
71212
80120
70111
87094
7824
34956
29132
48075
16744
47226
9850
17269
99762
55335
73433
96217
74342
38427
24219
71627
62935
55040
70153
46585
34482
58137
34166
11921
82019
13724
87760
32752
70231
51150
85298
56232
83708
98905
30359
89997
61189
85004
88170
69501
63754
5295
44793
66282
38732
91586
94247
6821
52021
97745
40320
12072
78206
73462
81991
24639
49546
81227
97100
41748
24560
86730
26745
14583
12822
20547
97867
14150
39256
13689
7966
61886
59560
38009
21057
52702
15088
12184
49481
69653
1779
36616
10146
94504
7921
5431
77215
6241
88873
13829
97074
57334
27577
49631
20472
77013
83552
65949
66348
96586
37285
89204
12603
57517
80817
57208
63671
3211
11063
44562
39621
30383
59795
5402
83250
33100
89040
22162
19554
14409
78084
60190
60713
83562
40918
34499
11474
88600
82560
82651
37820
15564
81615
98994
21445
88029
93799
18017
88255
57891
32996
58053
35423
91943
32539
43802
32468
35273
66174
70873
53684
74349
6239
18603
54482
54404
97196
26057
72018
68568
81042
52801
32577
53083
17192
28672
30946
6511
45447
99259
4955
64603
21411
24602
16241
27629
26653
19756
82451
25728
86977
56633
45376
52254
57343
72115
30327
53630
67044
71946
53433
51278
17557
74270
83901
2348
39240
61871
75504
90926
35775
27601
62694
31010
5057
52028
43266
33775
49494
16159
8541
83066
69886
68436
30550
85957
5167
9615
79383
5713
53802
35984
25056
60613
25305
48280
5011
26119
14535
5752
87963
32902
11547
43908
16857
44666
69299
47911
23436
14788
79641
20272
40028
17839
9508
13546
5764
36920
84590
86794
60730
31657
78061
76385
86204
33664
66641
81137
98232
27855
23929
5757
79863
53501
28658
40153
49608
20266
64012
63808
95589
26799
51067
62308
41412
46468
48647
67391
39036
50875
64368
57161
76306
13225
12739
76099
21023
28453
27505
89455
15007
92201
4306
16675
57529
39734
84213
37842
87430
20596
14306
63914
58080
31318
39247
37469
73224
62908
8667
28151
47508
66738
38410
49870
45075
42070
7454
54072
71070
6327
86542
1366
17886
23768
21798
14797
78292
81300
58234
48245
11688
20444
84936
77003
20113
78652
81705
24929
86205
81979
89428
981
79231
28385
5648
34623
58003
45843
64531
59812
46446
21049
76923
30600
35110
16001
39240
58848
35131
98525
96405
59174
86242
86983
30705
99877
13484
9188
11230
54355
82775
50982
63301
87455
79825
17036
63764
47552
22884
87236
6486
55789
11650
29361
2829
85387
51534
39112
81326
8801
82628
43571
2745
90151
47719
27256
40083
12413
51846
4916
81954
74392
27241
47521
74276
5687
34878
38519
65516
11124
59098
99151
93179
49621
46478
57282
86999
33858
21064
68784
12234
48178
91331
11100
42522
23198
96492
17556
83040
95063
81201
58799
79175
1395
6952
61967
69507
79202
15450
43718
41740
29502
80331
58197
59382
66945
47046
20592
1869
2386
31785
37725
96498
44119
92490
53019
24269
52942
15717
20031
53997
92534
79811
96281
52868
2824
11368
66133
32184
25667
32025
22142
70599
77925
59912
96221
38490
88533
34558
19295
33668
15965
63684
27988
33976
63766
2158
4563
20965
30587
76613
75516
751
43455
16623
96406
53162
79131
9244
66582
32373
47072
6032
95969
27985
85770
18728
30024
90301
28085
6091
84371
62800
87881
9743
16953
65489
77457
68356
96234
39510
90730
53569
89263
12024
39863
22633
65066
85743
63953
80217
95095
93647
36123
2642
36276
20639
28115
79389
32893
45745
74277
23936
16751
44483
33177
44347
49615
34321
32717
48543
95299
96661
73918
92780
7357
29373
40095
8197
42457
7590
35372
57075
98236
63226
67737
46546
47035
63940
61923
92028
73374
92172
57128
65200
11289
72979
47762
36831
29946
83788
2478
75571
65858
92309
15707
23420
67786
83122
73150
7736
79015
24388
34803
75261
33255
46954
39453
99014
38587
60660
5310
59065
10319
39104
80515
44561
22004
76884
49687
10445
24095
81750
67608
21236
74827
54635
13222
89635
95033
48874
49271
52148
9080
73564
76807
51308
28511
80499
15181
68866
16054
91684
59561
82535
24373
10082
26170
60790
81508
50841
29452
1178
29826
91875
57326
31958
49186
17194
76449
25077
143
33723
78349
88751
82352
83843
15598
62836
82918
67273
81387
99192
77362
89448
25159
95931
54771
31335
56528
67380
92525
86
98965
56345
41446
26567
25813
62062
15627
53415
6098
80967
9839
46552
59973
77980
22003
82060
22603
79496
80864
32448
77692
22589
24305
23346
76924
80233
56238
28289
92843
54365
57236
88704
471
69503
33808
61110
1169
44590
36746
88309
56189
47629
82878
96148
15875
84783
73285
41899
49634
28189
97106
98411
87076
44966
83225
4344
33165
51876
42954
4453
90253
97639
64251
82474
61301
6080
5315
45827
88806
10668
82467
36776
74148
94971
71807
95429
77674
15964
98922
21
41496
5447
31584
88896
82247
92198
56972
14126
18524
321
5450
77190
86235
72292
76935
48264
12371
96143
58244
15940
79895
64635
83546
4661
41997
8324
41143
38749
82431
54103
14054
63165
46768
27865
17869
72785
2696
89137
50000
20743
17072
62963
12690
28570
98841
37226
48540
13423
65078
3425
38070
77419
63306
87599
47347
12623
93148
57693
61769
19921
72551
82708
15133
31704
12622
78760
98013
54836
18732
68763
12167
22583
8394
53423
19784
96756
96426
78124
55038
96179
4768
25002
75518
28909
28129
65948
61362
33706
99475
96953
78106
41557
41860
93480
84851
65113
96054
25575
32662
69595
91607
77208
19191
24115
39215
88809
46413
17064
51763
72638
85585
16166
24375
87357
89504
90463
51457
48278
57115
88315
66712
29165
71630
30525
13082
53990
72781
29301
22669
49867
81337
73179
89805
94461
71810
92782
94372
23189
59015
1673
83992
68661
19866
41374
76511
89456
7263
84691
60397
92690
94514
3830
32814
87373
93383
93789
30671
70050
2989
20446
14710
49928
17996
74728
83186
50940
68078
80381
58029
30982
58266
3596
17661
79139
81307
29679
63834
22068
14559
93918
44747
26146
57531
60558
91001
61389
43788
98601
54213
10384
57368
3403
99349
5042
80275
78294
60585
25163
74238
7347
52236
27376
84777
35654
45958
8222
71513
94220
47886
21536
88485
65972
47677
45148
3034
22455
34014
74656
23327
93077
96129
76932
16755
61197
67983
59548
6833
31705
8919
71869
86965
64356
2215
73257
33881
6409
80214
30425
2585
94185
81726
81542
42101
32456
52360
61171
37300
72421
72096
43579
44996
32885
47367
68274
48832
73562
17670
6907
41099
5989
48448
31238
10553
42245
62625
35395
35789
45706
67123
13704
76061
14843
8207
13786
37202
92016
83088
52827
63915
44941
70307
30321
68576
1148
59962
8815
17348
57510
59936
57090
6756
27053
62248
50330
25453
44649
34078
60083
93898
12573
59519
81087
74218
25813
83940
37745
76224
36895
35032
82921
92068
14243
63339
18327
13015
79744
54080
67310
54468
55172
9825
36678
64097
90759
16434
71150
39061
96261
9827
73100
75892
10966
42302
81618
67173
61292
17953
66495
25796
13672
67558
34799
79748
32634
55069
77537
25228
35827
81915
59395
23618
14504
62443
43355
74598
13893
41891
61748
60565
2988
63634
93123
91917
35049
4374
50806
30448
60275
70634
87032
39554
10945
44412
99139
10285
55174
59132
52322
74180
6922
63248
24994
43588
35495
62340
43797
28118
66653
53919
99490
23441
87602
98642
65804
62044
58794
55017
31325
31185
63326
65476
7727
76125
28348
991
30967
98148
14523
95308
73711
37858
17593
97987
20543
70412
74644
64144
95143
11029
91969
86218
64651
84844
11884
88356
18842
52547
87820
86300
14045
21034
52994
79345
96505
85562
90766
96850
87937
29966
16718
74098
59740
80939
45621
13879
67854
5920
84131
16849
79045
71560
22694
44552
98755
21708
74253
62286
66658
50534
2725
41555
73897
83233
65234
61912
2506
56348
96716
7867
22484
20333
19827
71697
76572
56162
19760
60401
5220
33250
56425
6669
73765
58771
71168
25692
60670
50900
44842
83699
1464
27530
1127
68242
9717
37305
97315
48058
4949
14504
73544
70940
75365
31783
66237
76813
82084
53004
50655
3221
76915
44440
54522
25415
53305
42393
29219
72395
12848
66216
92406
4727
23247
88563
98504
58652
29877
45109
3080
54173
94543
83265
85047
53882
2950
47902
48768
25994
84936
62508
24149
32135
39409
9445
82216
10019
44726
6302
93379
91769
54381
15788
79493
80895
66844
26564
73018
24055
5405
27355
99157
80004
29259
27564
33324
41369
54957
72248
46769
12685
69755
25895
98824
51339
42449
8300
87177
11366
28847
71911
532
64394
69738
94437
2284
81229
35219
13218
91154
91269
89026
79566
25823
28979
91839
28268
7389
15260
57004
33239
12387
33849
48498
52160
62155
52356
8615
947
91473
99667
13593
78840
37834
94817
20538
11029
49630
35783
17255
97008
24516
14442
83447
31217
87993
34094
5309
2854
44253
41
39833
49441
61418
44914
52769
15676
9137
34712
36807
45725
67475
31854
68968
81044
14009
5636
40433
70785
35696
68049
42573
84882
47428
78444
90031
91754
14392
18618
99289
77854
56896
51682
24295
15289
28795
66749
30299
55487
12240
91017
7974
53646
10403
6460
18319
31040
68436
23893
22083
14349
55573
46542
51673
31118
60294
31917
45088
68700
98735
31546
85256
22199
3641
80812
54890
96258
46889
2844
66037
74732
48410
92635
76406
76873
88950
13215
89347
63231
47281
23640
54404
91933
30850
84801
57822
44389
59166
95603
83710
56299
75442
95859
13406
81397
42653
50123
52599
13666
88457
57589
92931
74471
82820
37876
48813
98388
57951
70141
74232
65334
13634
66483
53800
41397
76265
80689
55089
36637
65664
51263
89339
83675
59126
86248
56719
23549
95137
57026
34496
71612
65102
64748
76376
83861
93315
35350
1790
72210
1971
6298
63969
83496
6460
27208
14852
34106
7265
4095
99878
37306
84863
22232
23724
11503
4143
19644
13102
69843
77303
57846
3611
6259
57676
51619
37417
95802
35241
47974
15997
32103
71749
30136
91827
31866
4627
1053
51211
77550
19579
20177
42384
67616
41777
50913
58950
8333
11567
55094
12719
69594
39156
75371
70971
93613
51256
62464
33258
64345
28747
57672
66974
67191
18857
29053
52898
17615
70556
99828
23249
16566
58766
99370
29668
80209
11208
33309
38908
75416
52460
24663
61640
94358
39340
773
80595
30573
52998
83015
45710
5686
73884
7072
49014
646
90516
3596
79937
5004
98953
91313
41450
60503
27179
10094
7702
40596
28090
86993
26498
82004
25978
75589
94443
91052
79635
93352
35866
90839
98216
26138
88586
46454
33458
41777
75799
82456
88025
98282
99077
94900
61518
63994
87370
56147
68328
47298
78681
10443
87417
90561
80268
51045
82828
57923
24781
88736
20797
90999
43297
70447
37460
67647
45041
24637
61920
35296
92087
38097
70893
85306
54401
59692
74977
2353
95877
21199
83000
80169
42850
3482
95738
72880
16782
38991
81686
7062
23137
64405
27230
87672
6749
75449
62750
77849
71033
88750
20250
27121
80393
13045
6339
12160
81579
60952
14133
16443
53072
58096
61136
66503
26404
59622
10353
92068
2428
98710
29197
57312
61724
80688
94889
3341
42819
48281
83993
85004
10483
31406
2291
27112
82496
91432
62607
83904
66709
87899
64606
87676
71837
75544
76291
69889
61205
93555
11826
29663
49195
52863
36580
11975
82802
46068
20596
19066
93830
87219
40793
34525
47638
72064
47072
53161
10291
74062
2374
74750
54227
29561
20591
32408
86850
10541
61254
78138
85158
61572
17041
90886
52462
50380
8879
66478
19670
30662
23761
41029
45657
20875
48083
81967
18292
74185
78934
96791
42515
34347
16187
29023
21786
67735
73245
98098
56146
37969
972
6294
25230
33693
23682
72925
3833
706
50819
37082
92030
91946
93174
96976
59506
92133
48218
12582
74562
27917
66343
74871
76245
48068
6947
36710
89726
19993
76797
60911
16737
33514
84617
2777
53951
2243
62552
84583
76800
74789
23540
87918
50235
1314
67957
55968
26757
97125
7587
12903
8532
34478
95944
76557
27790
1051
65361
67576
13875
70786
70689
25075
32323
5914
95090
38215
93966
13978
48617
5034
22039
98297
48756
52910
81348
33429
78179
53497
54116
17295
39809
36180
98621
72435
59629
61757
10353
21621
61849
61624
27404
50711
99582
87202
7629
66183
72122
13765
45134
85829
54343
8392
946
48067
82041
37790
94891
70853
68692
70719
2661
73799
24392
50675
96594
14718
93322
87530
91922
7318
13072
45417
86142
73051
85608
2368
65905
82516
98358
72247
26965
62441
50952
43749
96102
55237
17175
45923
4996
89718
49916
821
26362
24049
80909
50984
806
94835
28787
4250
28037
92739
64905
57586
75516
51187
49427
51632
91173
6756
40792
41343
29140
40969
37374
50215
94565
11620
8673
24479
75909
11629
99151
89632
31801
46002
60643
68565
59406
9367
78908
12399
27614
60702
68281
78164
75676
55042
3667
91191
80796
35613
98839
48803
73602
19434
88062
39985
78917
51941
25387
79705
43744
83758
3297
10532
885
68364
73631
92480
55998
82222
56120
5485
59057
14668
69587
36309
17167
32045
56796
72153
1162
8834
91397
51462
86609
46927
70269
20198
76665
51882
73226
63474
7273
10716
37638
64549
54882
68420
49524
76748
41609
34363
35005
40890
56723
72466
59339
23736
80332
36311
40322
72762
84515
94967
99606
87212
16950
48317
47469
13643
99157
54840
81649
63536
74838
80027
69681
82055
12276
83070
53974
72382
67364
98946
37342
29528
84023
10578
6486
35586
19845
4101
33848
54077
45244
28544
34142
8090
94948
81623
3202
54724
73454
98132
75637
79510
78393
73968
62584
31405
6176
89375
35066
46040
63459
90985
92142
69805
94992
58674
96264
13237
96495
84666
44276
26215
37319
53088
56306
1714
23152
20834
83762
96852
45462
49664
11433
55400
65702
58655
72813
80124
77304
29129
27155
23360
35194
71473
83554
51323
7221
44692
73811
36567
52349
39387
79080
38044
98490
62717
40006
10203
38638
22338
77648
13344
12515
11362
83297
12331
72242
39371
98342
64920
44786
88481
1110
86202
87068
35232
26574
70182
18519
61246
73101
81675
76804
92524
95753
44736
2920
20634
87533
39318
59825
84090
30224
78925
56135
82108
6610
88738
71249
29625
35541
26821
85217
3340
55606
27272
49469
91322
45095
28500
53195
27858
682
78998
50616
33904
61675
33367
82341
72443
22715
46857
70318
51918
13381
40956
40728
7572
92111
62545
56311
4684
2959
7974
89529
68876
87527
93264
66131
34466
77759
63751
19365
25462
57565
71483
93388
26059
70019
89892
73893
87300
85029
37623
36313
87747
28517
56820
28809
67533
78253
17276
16567
14121
42984
64512
28142
13191
3422
99829
528
9053
71690
95044
79514
12268
79450
69374
9173
75874
51619
42412
34588
44825
15550
23172
62917
1309
66402
53720
27567
37514
54687
20968
28102
15315
39444
70007
26613
2111
93710
36956
19400
45902
18494
50159
97501
93658
67926
41539
2823
12569
75584
14995
33407
66206
65882
69909
14855
60127
98481
21931
19260
4273
45753
32664
54296
82319
60263
57007
84160
77338
31596
62535
46161
11738
45422
91276
31522
89795
70820
70703
57974
15731
80461
19421
95552
74711
46094
77356
79859
30285
25063
79538
6597
2757
32272
72656
13312
35680
87125
45388
35397
62202
18379
84444
56829
29541
32462
72414
7293
8203
88120
43333
53077
13204
59552
44909
4213
47560
93741
63023
25372
26284
75062
3313
41951
43401
631
85717
21843
13035
68306
43377
54935
60517
67935
34591
47744
42417
50001
30154
15170
95829
10695
19785
75544
61730
60428
51176
70833
35573
85676
79330
34423
62752
91571
83915
36957
59011
15715
2666
69508
44308
56625
37283
21546
46942
6781
27698
60272
35781
58893
36884
58566
65255
17285
22751
88405
1214
71300
24883
17608
3107
52702
33352
34808
60524
3570
61702
92435
60214
2887
27635
22344
20510
23400
48230
25202
79368
78712
30299
11871
68451
43668
38272
8059
31204
22532
58796
93182
89870
39838
8591
92014
70356
2423
5925
20018
74709
36294
35908
37621
41318
19224
23668
75187
79725
57513
85150
963
2825
65029
81757
51457
11119
77339
20561
88567
6736
95867
54419
98119
11094
76940
91235
73432
61485
12236
60989
20090
77118
36677
7274
58903
14871
35688
40370
60185
55878
20361
26415
40338
79172
43927
25500
51948
10094
2998
29389
8685
91503
18843
76152
98982
14042
11203
3793
19352
18642
32401
99572
42180
22316
6626
92155
39758
92844
92206
7184
93517
77389
22397
14076
74769
37245
63587
39453
30865
76644
28762
32886
86609
68741
46042
50720
97901
75004
95640
45662
48964
56392
8312
71311
62947
59234
35024
53725
35468
49355
78139
52370
27300
77669
73783
64170
74966
67031
72668
96803
88007
34324
6808
87249
54711
14453
69836
49102
208
74243
10365
97998
48079
16625
60023
99793
41612
20741
53925
21010
62823
13655
87557
36669
19569
41042
67340
69501
71412
52536
46262
25970
5760
24611
25767
81185
7859
46149
5059
39846
18501
62801
57799
453
49805
11058
33794
98142
48339
42425
91571
59615
57298
57236
99904
78067
80521
25914
41264
34840
86943
79491
87494
97135
66481
56052
87194
80940
64986
120
79446
89933
52797
77482
15466
33127
32786
33392
96428
61947
51659
63105
51503
95688
59681
82278
33567
62330
352
5118
72247
41089
12524
83644
57279
95388
18062
73355
46341
39732
74399
82866
9366
82053
96175
43923
83193
94615
46130
42701
12329
39851
66505
83489
39437
7921
23017
20561
94038
40854
71593
52708
13780
72666
58605
22951
96085
18559
1834
59310
86075
54942
15989
67416
30393
64980
14605
46063
20618
50682
35554
12718
34414
79602
79520
43038
47041
41981
81692
29945
9434
14281
9401
96976
50397
73864
98744
39400
41149
45308
65146
54750
20498
7950
79890
80140
595
54942
19564
1955
79088
64564
79861
39768
77742
33525
36869
85788
34431
89201
22608
5091
62494
5337
31748
3557
78853
53967
76223
15811
84747
60597
70865
40290
84540
37255
91082
48819
18390
66309
84032
34899
76702
63305
10398
65645
54174
94167
21900
13566
87803
24177
18487
2097
91702
15530
90398
90184
5247
33906
15512
49308
62513
2384
87781
76348
431
72239
14223
59441
86105
46127
29244
5634
78442
2076
10035
40915
75280
67356
969
93576
22953
55681
83399
40904
7127
91198
92602
6109
3680
80054
47670
56247
15525
273
47111
68464
82973
54920
33366
88714
37133
21599
44149
3381
57798
31826
42279
5037
99931
60968
37103
2431
65821
18244
86643
25388
89845
35067
40876
43174
23549
59424
93421
95704
47835
47962
96270
70787
36155
20471
62836
63554
37736
14938
88190
65231
28903
48559
61807
5022
15537
29343
90067
59143
13514
29888
56143
6625
40674
47268
79850
44266
40136
49297
56402
87939
10598
20497
86028
87800
88573
33023
2172
12638
39870
7650
77741
39924
9217
62295
6077
65516
96678
98822
53448
61859
1286
21335
76688
61964
65333
60925
46726
10699
23030
35568
41367
69660
79770
43545
2102
28692
22071
45638
4002
61280
41345
39485
90451
27146
54600
29421
97287
64697
82926
79745
58019
95320
21059
33262
88360
86447
35935
74507
92340
5101
47835
81856
2706
26024
42156
87350
33919
72539
20957
17454
51386
18381
47976
2094
35015
61202
72112
41207
47423
76075
50398
14290
32248
25705
94967
50440
52781
32751
43638
44145
7722
73365
5579
54628
46838
44969
46095
14605
18620
8144
14435
20412
49976
23049
71972
5722
89787
23059
7085
6519
4475
68933
66026
74303
90715
17147
47604
3915
99410
28881
27629
56371
21242
60199
59194
17217
34103
48292
24024
69345
89537
33751
90556
68564
11408
68825
87051
38724
90468
27566
7923
74354
67150
89131
22980
94955
85343
84689
20719
61017
56011
29911
26073
30005
15736
58214
63099
81723
83593
8573
28730
19766
83554
27637
52446
40730
20695
51103
52497
98224
17461
6346
48822
36107
77229
82208
56931
43930
31704
19856
17436
16119
12012
61958
37997
60092
19994
38038
11620
29813
61120
12025
27017
58416
52946
16942
13339
5617
58368
59457
6505
50082
36068
49512
95625
63880
43946
80490
8856
89969
79900
34427
37967
52873
45897
51139
90782
78411
34674
26428
70632
40468
4721
25434
58010
23604
52453
80901
17545
42174
24862
45985
85095
76351
18114
92111
13250
65003
80602
99788
56121
27058
31581
62359
64988
39890
38326
28400
2239
88742
65300
98108
1562
35677
13166
21605
12384
61829
47185
52318
31034
44165
54247
2085
37344
15562
63590
12225
67187
5305
42386
67402
794
28804
63184
10727
22262
81560
80104
68403
80996
35058
56981
1145
35919
69553
92141
61727
10832
25895
79400
6271
12675
87274
77359
62191
69959
76039
25730
19074
48337
79414
38053
72296
48238
74792
66376
87056
30099
85949
51410
89806
70530
58930
3497
43224
60412
66231
28833
68938
21693
83231
74367
75977
376
82320
8872
83237
88176
11227
48683
23863
61105
88165
95655
1290
57417
43620
41882
26614
21478
71494
12232
36775
98796
9994
90820
31580
83411
17522
24190
58828
24987
92592
84969
43331
63405
70877
69319
137
62224
78728
75924
15076
81989
91980
4012
62836
97823
41435
45114
26908
20418
72534
29470
89184
24343
78334
16889
53706
32137
98533
86296
93831
68447
40030
11867
38350
20566
10771
94561
91585
28475
83381
40434
49228
83330
87693
4456
11274
61765
97137
17883
84038
79133
52819
47944
23231
33302
59795
91101
46309
94706
73877
16004
29153
2652
59597
95113
27761
39015
215
96553
19984
46979
85795
89145
82547
76604
16077
27504
78800
83279
29579
20978
85306
13897
14079
85498
96967
85693
14284
81124
39634
9250
56422
86388
15292
88039
33442
12134
83566
33524
93708
15347
99929
42750
74808
72796
14334
20871
21744
77911
87786
63344
28587
56595
3673
46875
99999
84585
39068
12609
71469
55777
90036
85325
89339
47166
73854
52083
5568
34599
71561
95441
42104
69555
40834
21664
29302
57488
56785
1718
61977
66544
72700
67132
7991
71505
50377
64903
44311
87944
78881
28117
13115
6057
67792
84966
47994
73877
50089
2005
9579
55168
1607
7633
86077
14397
67150
37404
70980
12329
16495
8063
17005
90641
84266
94856
90707
99137
92910
577
26858
7242
61468
75694
70105
47759
69642
3331
65125
42029
85891
49279
46568
7716
67019
3594
61184
102
80033
31142
73795
87962
16893
79444
18384
58989
81208
6407
14882
2519
331
46653
63102
97573
3920
7615
94219
84008
88453
61814
57633
46010
36815
60744
22265
73800
96666
79822
21733
36000
96606
22259
51769
74968
3422
83883
9638
16441
26250
23373
21160
88838
52069
43695
32405
39373
89505
80637
46485
67624
18309
80629
96785
73776
93200
86913
36228
66240
8760
85074
92591
38625
96075
73686
99689
80183
67639
822
74067
13351
517
13775
64777
4739
59583
82795
70580
79028
68498
33690
43932
72451
71439
82098
76251
64676
45324
33249
15821
15295
64776
32074
39811
21980
12619
57348
30423
68426
25131
43
474
76237
38539
74304
3113
7010
16926
32484
4990
27855
25769
1997
4675
48172
79623
73410
58145
35624
19942
10521
33047
31962
55886
82314
3781
33445
33250
10576
30536
9574
43167
27548
92160
19581
67201
42453
79149
46710
62277
48016
2969
65043
78953
9415
51406
84088
7440
60089
35144
57714
42626
40703
15237
57508
73167
73446
82009
33744
42452
92622
63455
50783
22166
1886
50313
78989
45164
91681
13080
10452
39449
37537
60903
70035
23254
99102
47810
38138
48110
38923
85076
19413
71491
94790
58718
6483
12207
1522
27267
42673
73669
32147
25536
32424
63381
17445
37145
32656
26350
72825
69711
58767
66589
92396
75821
24291
70356
58758
60674
11367
84007
87020
59817
21957
76847
71683
50787
95961
75953
60290
9830
90525
3801
58450
64143
78230
84736
78309
91412
97018
38380
20304
72372
39869
39446
27174
72111
91543
6919
35122
18450
53043
78812
83152
99370
63222
37513
86985
60090
51914
46554
24650
29672
37159
41972
7328
81329
43613
12185
35314
60157
8832
36011
22810
23437
33200
9128
49249
45329
51075
27059
92118
81046
42033
32468
88747
12956
33661
52245
22989
71782
34523
53549
85501
76395
98658
26714
10672
3305
58320
15463
86367
64601
30484
53165
24204
20413
50140
43478
70802
95734
11387
82524
40007
7955
51671
69648
30353
3523
37196
84183
39522
72843
58848
98479
12401
69939
37860
64591
42454
66331
56196
70284
18338
84140
45516
28088
41721
29577
66390
62948
33997
26083
74996
94278
77368
82892
90870
41975
39861
24675
75129
87699
42204
63950
81613
21123
5976
36454
98945
48311
15751
82860
21292
64940
41133
23545
40891
12622
10613
73428
76914
11031
13190
29148
65377
63542
20445
73253
61445
78218
96205
46432
279
17325
48048
41618
52533
40398
39784
10214
73195
98038
5334
29759
17310
653
63350
12742
12181
87317
13397
73794
804
48243
12081
10565
76118
42350
78027
13378
73430
99184
61291
8125
37914
17193
57521
37723
48109
57011
59219
25433
37751
29361
52120
11128
82443
69008
47535
11797
41038
93359
22957
41463
57759
15259
54241
30338
78439
72755
62742
4392
29437
13291
13636
58111
93270
14571
7603
94702
35368
41463
22702
81280
45658
64586
42240
79675
62282
39515
17709
91883
62874
86690
91887
56056
92600
50420
37772
96022
85512
34601
66128
3258
81488
11423
43533
98858
91263
39191
80363
20141
69019
71229
30733
45858
88903
21638
37154
32685
4333
58834
1221
27116
70349
78128
73938
10663
75170
61921
14148
29286
77037
94644
53776
64892
7809
9777
98744
6273
37386
81266
76173
4094
34906
53290
31812
69858
29106
56969
11091
31953
90601
58232
39209
25883
8956
59199
77223
42955
79090
38023
14847
62134
25899
82489
87751
22547
13060
20900
20666
30506
92554
42590
93387
19557
10521
59362
63399
69987
82959
26328
88582
98315
17330
7314
27630
89406
75706
64914
96708
67525
52252
26409
4047
59337
39796
16922
40171
19362
28399
94749
85735
25703
87378
91744
5372
34724
88171
33896
8106
91274
42610
63061
5680
97440
10907
26915
30663
97207
75323
40493
45756
60123
18995
88044
93577
37829
70366
40828
64879
12781
73332
86048
49874
79485
99448
81564
60337
24769
98853
78304
32096
51707
70927
5093
40452
18451
58233
30032
73738
30507
79539
43155
1540
75824
86605
32755
67585
75820
68092
26628
9320
64729
29991
22480
83729
82064
53680
17878
78528
13631
47834
75247
69535
2233
42395
96045
81622
56392
40543
20028
41642
26301
78486
66090
49519
37320
3611
98499
38635
22659
41186
37460
70057
35464
30142
2961
94583
739
69324
25107
6813
11555
52831
58329
11257
70986
62665
94767
15547
7651
30754
89836
72602
69363
67896
44661
38002
89864
71476
97887
26107
29230
92964
42546
21191
48736
23787
29449
53527
41212
46401
46773
1434
37359
92008
34433
52068
49904
17388
79153
87815
85577
94262
38179
75696
47631
10158
55864
4736
75379
22538
53676
2501
95440
77655
41120
70069
93317
73090
81401
62151
97917
31492
91937
4654
83625
54568
87948
60498
3952
81466
92949
81292
47165
20558
90566
76926
27286
84010
28951
91565
7821
55122
19757
94749
74735
87534
69476
16711
77593
64377
45799
38937
9419
73896
51132
80362
66613
70356
86685
39896
90030
41223
83073
1504
25475
74655
53657
86746
44044
89858
69430
16654
16762
14783
43943
18839
75565
74844
2112
9714
73378
27202
71575
96130
49993
61153
7272
94532
37333
56512
51449
30218
60109
60645
32759
80343
71231
62973
56159
65430
95892
25481
25049
53015
59519
69190
79774
36742
38127
84919
21530
40457
59939
38801
26764
69015
11805
44931
48779
21936
91823
41247
47427
15612
12434
93257
1565
1572
83798
51740
75932
9895
1108
88435
32451
9882
52447
43611
91061
48544
8056
95154
94708
46369
75489
70203
32907
37546
39625
60738
79559
12160
44454
10342
53696
23650
25057
39944
10261
46555
4171
83503
82549
1889
75950
61429
75002
58765
17950
48145
21808
70391
50798
63297
52820
72621
36190
62996
69463
47568
72498
58130
63906
69323
67743
92393
69011
32240
35550
34165
32581
78129
75331
13450
4430
65048
12231
91681
50210
44100
36193
5821
26164
49536
32115
14297
97757
24641
78976
4368
53589
9916
37948
57448
99070
52706
75068
50427
50433
46170
74125
87588
82800
59161
70272
74659
91306
81440
54434
38797
84797
85745
12522
64883
31045
81551
4684
38348
6226
62706
68107
29026
71689
64516
85835
13270
61121
43931
22723
50641
19053
21587
71857
52425
26521
96680
50920
1516
35854
15084
27653
31084
92080
69867
65952
48422
89606
48281
75293
74672
80793
70995
31201
33855
8341
22363
9346
26418
40110
36938
5816
29951
14908
72689
24207
38520
70950
16912
76478
60058
7005
66034
1554
41329
9695
80707
98756
73739
36572
90672
98249
75672
33077
17785
24424
8762
39584
25333
38342
58895
50408
23426
2429
13624
2642
91750
64235
49030
60122
84136
30087
22016
42427
76709
34094
71027
63278
69807
5372
87030
67114
67752
31158
73176
59178
8343
39715
9193
72620
29157
36187
31970
83189
2999
50008
95249
26354
22440
54633
72741
84217
1378
76678
96723
36334
5272
55037
86755
61441
98819
46059
57114
82997
37911
65958
23172
85628
78018
44951
28477
37309
6112
3525
78141
28408
74302
84460
34078
33440
42697
93229
42155
61127
2098
4543
72135
70103
18560
60035
99606
14812
21650
41621
29772
47808
6192
42462
5456
87438
10732
17094
30093
87608
23707
32711
7061
10004
30730
25949
98354
94785
2782
826
31851
30215
92908
30806
64655
19997
97330
60867
94881
4612
23856
32894
59360
23920
10247
15138
65297
78566
97676
37206
12459
54785
22952
40263
78175
6959
55375
98480
58722
79481
89243
22517
75449
3871
54565
78032
8896
42273
83072
66370
90358
24347
32178
46827
86569
69480
90543
73461
46489
7175
41523
82219
49996
47067
7228
95239
52718
18380
38786
26984
45858
24011
42164
49698
86377
80306
41169
78255
60013
86346
51615
15748
26603
54694
32267
92735
40636
51725
17470
80924
80894
56021
95191
94919
83075
97291
96139
45771
17846
81743
75831
17257
5349
76091
2109
80709
15471
28612
88578
13562
1388
99802
26403
42573
2195
62442
91151
63263
20396
34786
31622
33019
53011
98580
49900
97872
35173
7924
75497
23289
26603
22588
70912
15288
53280
29198
41162
42433
45088
6137
90223
4210
44751
96053
5984
13184
59235
14377
71539
34701
36270
51116
77468
70358
55628
60296
41413
5673
62566
29626
45002
28532
6241
68054
73235
33079
76230
48104
89071
97691
69103
11637
94697
64125
90378
62912
61994
88227
13773
66184
14379
88367
80150
14703
33844
72401
18622
35573
69110
79254
62042
707
43810
78911
35212
12003
83940
84685
68461
7116
47263
78999
80495
3452
7238
38526
12435
2975
16756
96952
34630
98988
82441
80392
19736
1550
52290
44687
98011
75295
69716
78524
31284
89296
75684
3071
37569
60326
46118
57915
9735
13663
94192
11897
4566
40882
29338
92569
603
62101
11508
67364
50787
98199
88516
67165
59143
71949
43162
33845
34392
64682
85618
57054
18088
12776
10150
65975
95091
76899
23053
61670
84104
62820
15028
77221
29048
35868
33047
12947
30649
40646
17757
16298
59991
96367
35565
10001
36536
7185
71472
3399
26346
4379
71492
56992
22252
7084
36058
4717
80598
27966
24750
8947
86501
62720
53505
15774
94311
13404
9908
64271
56671
76439
73858
66416
62166
9270
72314
88296
22622
24510
31320
88297
53092
16468
79167
76839
22770
77059
54678
47683
68734
74331
71740
26406
53938
21719
55401
53705
27640
33207
85378
70993
32290
43212
99320
52056
79572
34130
95390
40966
58063
57495
30054
24703
44826
2778
64439
90389
86639
94767
27084
58910
57247
82110
10956
48673
4643
22795
3361
37578
10560
18225
93431
90589
20822
39016
32436
55783
69061
8358
17838
32720
38908
10881
36557
27692
57024
26225
2942
54896
72150
78868
77425
67682
65741
12108
83345
39210
96139
96195
4989
73797
51858
11694
32999
79576
32494
20911
78344
64609
51902
32309
65949
64968
91900
15391
86435
42325
70411
31869
64459
4988
46492
72919
66841
5075
90205
45991
58015
63204
62335
10113
10641
94077
44610
91987
31749
96069
85247
98823
33257
56905
86641
16101
28000
95221
48737
42581
87802
77214
15021
38179
12623
52155
99733
19163
6904
9396
71489
56500
89195
87027
51314
8681
31665
41623
96196
14114
77253
66248
78108
41073
68171
94533
28724
10553
78474
35704
42912
52361
82087
76875
34396
84357
77536
49875
69332
35045
76418
56810
54159
81751
52296
11484
58489
20832
39281
16056
93260
94560
57371
20070
730
37204
84962
11063
96666
58420
21487
74935
5516
64060
38143
78463
92107
49768
88369
20903
30222
14137
95979
91673
73754
76276
6570
802
44104
81866
63908
24577
37774
37234
98845
72641
6445
94481
72225
3332
24983
49884
29828
80405
49018
45717
68660
54463
34766
62129
29815
77244
79063
49914
53063
67589
50774
752
390
43529
97042
91306
56896
40953
68991
88282
96860
25791
25257
86031
44190
71919
76511
80084
81180
22326
19198
12437
30843
59887
46425
59554
7589
55125
82178
65708
5001
69938
31320
55757
70416
76469
32044
85348
21879
85186
56498
13790
13902
98948
36577
1840
64908
81310
72294
92672
77388
96735
460
39203
328
79891
61344
59617
19536
44534
37796
83861
46951
67
34450
99504
36219
75115
65930
61949
57599
63841
79162
39040
49446
29267
30954
2328
6462
67091
31809
29187
26311
20595
38359
84641
7343
80014
98967
496
39563
95395
79952
70230
6803
57309
27962
98910
34075
36046
94528
53209
3050
63770
91533
98086
80825
17423
2615
5612
41513
30131
79811
44323
37537
38838
17395
12883
35427
46150
75507
18069
70698
5729
476
95893
8867
82660
94530
11801
17284
98786
99553
99451
77741
39185
43423
71922
23994
79135
43581
62863
18914
46978
81759
12547
53647
7180
3190
40862
31450
21469
21383
15218
94626
19154
30874
63510
60713
284
46400
35174
75532
88556
21601
88840
56988
68490
3298
24394
30877
22212
70480
16422
40955
63459
13163
82375
87780
37818
27346
71110
23463
67672
75271
32493
92230
37085
3934
32636
43386
37032
57479
35530
22660
65775
30390
49635
27851
55400
16619
61296
10391
96644
54819
13301
43817
6396
19131
5651
51477
82531
67516
78926
39165
8730
31175
12872
26027
89315
11709
38636
59370
58030
49644
12551
5378
98351
93810
22449
94574
67120
4463
99786
65916
37506
13003
32255
55744
13103
64449
16363
72469
15147
68263
86938
28433
97065
33179
31401
26308
70250
45099
16201
14733
43792
59969
77571
74713
38832
11529
1493
31961
80326
78849
46522
7390
64546
23708
53672
64084
91585
86450
15283
82616
20599
60904
28623
71992
62215
70391
69875
22821
51765
40508
98232
28215
3538
13116
47136
16766
7991
14705
25012
88256
84333
63765
53414
30804
74601
84873
41141
60057
87829
89347
71439
48627
77673
56851
80977
8612
49241
54160
25577
31107
59816
81059
66493
39900
44506
9231
87844
11620
66919
77404
114
19606
8427
67487
31153
54063
72442
79815
80298
55907
61777
75943
14947
5626
3080
3451
86147
66698
55971
9945
12241
84369
25800
84757
97755
46832
61098
96880
23442
607
79204
97918
58545
74033
69890
11539
89407
87557
47289
21322
65834
30725
72279
690
75604
66207
70965
49813
74922
81694
10921
87941
45998
69060
23671
30853
27126
54566
98280
65266
29677
83620
94323
22605
83352
88739
99031
60006
87635
46633
331
15557
78490
50549
56268
65784
260
83288
57270
7829
15657
32340
64526
70122
39908
22351
10747
75049
23219
90260
65621
35945
36699
37350
39350
74203
97289
40706
35854
19946
43379
44048
72626
24077
59261
66181
78548
49293
48664
37497
67086
88590
44933
13696
22935
45084
18071
615
37912
50066
64149
64396
43832
8426
39327
1946
28115
71740
22120
39552
16298
45941
67522
62701
87540
80246
73592
67051
97811
45509
47956
29301
79297
3189
58241
63605
78760
64845
52778
28030
16337
40599
41729
75811
25588
54311
16764
86707
33390
71270
68858
42866
50257
32090
77156
4565
9909
99987
56430
98329
66796
90165
31292
61088
27059
51485
49698
74985
15205
67570
6787
79723
33482
9034
1083
18190
46956
98038
54520
25958
40042
67371
29699
46508
56453
69773
97053
54491
23511
48825
65508
32196
99620
43152
13109
91279
13801
62684
77195
43310
43633
49536
14981
14207
45735
62848
39270
11615
89605
48041
79542
4902
28522
79007
51846
97378
34379
16770
93457
89395
86912
5148
79005
4256
56895
7050
84993
47573
63174
72932
27521
20058
12625
70314
51028
22129
204
7372
92167
51947
53475
30870
64858
53895
73909
30743
29384
99400
98758
10125
10948
80306
27731
8687
70622
53153
96129
90583
97253
22918
20879
85545
23271
97567
66826
56260
22740
58898
51390
36451
94817
52550
2121
6544
27304
27166
6092
52903
9740
38194
79996
24963
23386
10859
80693
92647
94443
41691
25453
36811
77446
19927
25030
53792
97026
36339
62813
69922
65001
9976
41600
44953
64632
20196
45821
6988
98532
894
89301
75203
87382
51796
39983
29879
8055
21363
64105
50104
98151
64802
6281
12602
52838
25179
12049
64541
5429
5512
14641
65176
61399
21814
58007
97410
25362
6968
11809
53820
38162
6683
91699
39326
26572
71009
70244
860
64703
51069
34707
14869
46038
71722
90103
50265
40651
64679
89203
57044
79717
82131
168
68026
81666
50977
37093
29201
84720
47288
54170
15574
16438
82506
78090
90509
71343
69327
19903
50024
76022
56957
11767
96755
1181
93254
6108
81274
44119
25678
93617
95416
97910
98184
27880
16093
47822
78924
11152
25882
38329
18103
50860
95212
44692
26334
23519
69827
68198
35312
7875
63823
94784
63432
48729
45766
21184
32300
82939
3923
32688
88581
1582
25310
93451
44539
48147
54580
14240
75788
22299
51411
76366
18792
38490
57076
38832
50892
17269
67254
10610
36313
64886
72419
72417
39473
72222
5281
27554
43118
19386
63191
93432
12639
26222
35225
36457
8191
26861
89043
61946
48051
42059
50734
16534
78016
36138
481
14286
59335
6000
11895
94362
53695
43354
61241
50717
57645
70505
92281
55943
71969
25691
79002
35797
29840
59797
18366
16819
66410
76092
65710
88609
4408
25763
37760
25267
23668
74206
21800
13970
69220
58101
21117
78336
96820
71572
62758
7577
76783
14687
35745
61780
72026
11907
68464
82025
7053
77320
86305
67213
94063
69122
4825
47353
16205
23463
24988
94185
34486
57595
41435
35008
57398
36358
70490
58024
66541
77639
75965
84087
10315
94787
7502
10541
14251
12278
5806
10906
5673
81033
88854
38909
31617
8740
47080
97606
1734
74715
34743
24925
20187
41476
86575
4828
73329
55369
57219
42615
84862
24985
98802
252
22
92345
60308
35989
68777
42199
19686
89099
36569
89855
63728
99236
99030
79910
240
19245
70519
10820
23141
1906
81367
35711
35065
5066
20490
51042
31563
28432
55867
99404
86393
82892
75427
13157
60263
17649
49544
58507
30094
37535
81712
57099
61604
16456
17472
41228
18979
42544
71317
6341
16473
6189
36286
21870
18828
97678
55252
82003
39975
8664
25527
24037
25990
18636
85927
27627
91866
28132
84156
48567
42745
85404
31234
41971
35557
64397
31668
33465
1271
88596
20244
72674
9384
84562
38116
19030
27789
73988
10402
21771
64979
7368
11400
66669
33566
34901
69360
8354
97811
8632
42812
95643
42853
63268
33242
2120
16374
36294
41362
97855
27422
16262
82655
79238
74180
11900
43931
47773
48873
48461
65554
13739
77188
88769
25113
67619
12424
51970
72183
1842
49345
3730
88801
46792
28573
26633
57508
68609
93480
19338
25339
91087
44656
51265
39105
74854
53512
16572
18016
96099
24679
33091
36040
26522
47504
6901
95035
54011
68364
69120
20133
40767
33203
10877
81417
50549
16106
2790
37750
68547
80135
13300
39160
86875
76880
42105
58059
90621
28705
73847
54379
26659
651
20507
28294
79885
44730
15994
25747
36744
44719
2278
83036
56061
83981
2252
87287
54996
33135
48622
56595
8644
50614
61464
81037
92344
6464
6273
8513
47679
29907
91360
58878
69167
88570
36264
53650
75159
77510
95298
93029
58016
20150
49317
65058
27328
59473
81429
43600
73499
30448
2133
703
23861
8121
88234
19997
71992
23174
94125
21576
9535
10307
18092
91038
96733
86102
32799
65520
93869
38458
32034
66389
53591
47684
80948
89786
23419
84198
56394
184
59037
56721
40048
93502
66061
69429
41149
17325
7825
28932
48402
54243
6642
22421
43088
26542
85120
24037
86067
90434
33539
30167
41262
66758
37119
60668
64388
14633
86402
44846
57600
35986
3662
31894
61842
43637
62366
31245
16839
90561
54326
78528
67459
38934
9867
29804
11998
93972
89420
86793
26008
27470
67788
56452
13562
4958
52109
98148
27083
30834
22763
19117
28395
2468
58978
11907
7440
47175
74396
11078
89466
9053
30107
77948
32277
38597
14816
45069
52331
94898
22101
73192
89827
57879
14685
99234
34234
53439
64182
62558
6044
78297
7176
9320
96959
41392
59725
35676
72413
89176
29117
22660
96076
79236
88052
84062
86235
85685
75042
37915
171
52941
66704
46852
70727
72162
74666
11608
26530
62317
86381
31440
86284
44162
38798
43939
496
45883
8644
28837
20365
17261
15955
42218
2415
77819
89430
63817
60425
95881
25992
53115
84658
58761
91023
14275
58649
90993
45894
25479
68294
14350
95718
48637
39342
8914
28368
29249
41874
95880
77017
40674
25525
43464
22834
92957
27544
43878
21907
89376
20916
31109
63492
80273
32180
94953
97832
5127
60108
21834
9190
30102
18169
36773
29941
56936
56567
12684
25251
90919
33113
4157
99202
88759
32648
56464
71184
18496
81627
49673
88833
90889
10608
53646
9195
35424
77380
24179
56846
14806
91796
23857
88510
79655
44145
35733
62958
75607
93178
48980
35035
29176
36728
69436
68370
83944
94299
78438
89855
76407
48044
81320
77011
76007
94799
13159
95985
92524
10232
89897
41525
16499
71526
92200
1121
4414
14496
24067
91302
15597
25323
80494
48139
47609
10277
40074
93533
48601
25441
42992
4371
20712
93151
70
42909
47294
19591
24852
62345
77722
64514
98576
47121
2817
48342
36085
95908
18272
58364
594
31951
10702
88991
98687
9928
62829
66994
17547
37655
64271
69999
57969
1570
2580
85768
26024
13843
29777
24940
64185
28328
13517
91416
61676
97206
11398
48214
23419
17851
15377
86839
59240
18623
2750
8009
5450
14406
71417
5045
90626
86229
14444
68375
36493
87550
29186
15387
38930
38409
65574
85009
36347
15073
60298
23596
71936
64153
80069
40668
53854
75097
92052
16390
31431
3753
73568
25917
54900
24952
30432
85568
3701
80585
20277
35056
61960
73851
22515
16331
17768
86484
20544
86826
44061
80521
71285
93555
53905
29036
6113
20988
49283
1395
77965
89277
9268
28129
16506
25040
17247
20531
60615
48520
59558
79785
56974
71755
57735
9774
36334
74286
46477
98470
86947
21771
81091
31380
14033
7873
83363
69957
33216
31593
54541
2876
41633
61712
52915
81755
36495
49430
37393
16107
83281
8129
58202
40072
63100
90655
36077
69963
56757
91606
25767
16821
1907
13482
91378
51285
88995
73866
48282
26263
6021
80759
39200
14666
37876
36179
91336
46827
7907
82305
62765
92179
27075
88031
29877
19130
28673
73181
55551
77446
95564
82169
16472
34100
78228
74936
53868
70626
61806
34946
9498
89302
56148
18747
76865
96559
31497
97978
78326
97350
26362
43720
2360
33120
1120
50486
44378
67091
12674
71579
24959
27218
47000
57705
41829
39671
98186
69259
47447
21740
45463
74749
55750
18134
6769
42088
58258
85695
42789
79577
23651
66399
1976
8124
4084
7333
74509
16218
78095
9639
19204
29676
77395
49060
41084
47451
1169
50226
72505
50646
10743
33898
28929
44431
72899
18252
21216
40818
49114
4655
22091
27299
79473
70025
64801
44051
61415
23512
20302
47519
24630
15979
55881
64677
12830
69008
93117
56451
44418
37050
62309
74414
65678
46350
71984
44268
93045
92426
72037
73870
81850
61139
29824
12174
50948
13274
7929
57345
40245
43179
31270
18200
79507
26193
65367
48025
76229
59113
13215
89877
27194
6305
46130
3526
15778
97645
95562
44775
72288
54566
39620
36464
24759
52127
27335
28652
80354
89318
62916
36376
2336
89458
52985
97755
84812
63471
57360
16477
84075
22340
32165
1541
2814
57821
4612
18835
44695
80186
89265
9302
32040
68531
94785
72010
17686
94214
38629
2898
88077
91519
80167
39183
47086
75650
19468
75194
98851
40312
13722
33188
41140
61972
52723
57479
51505
13249
97440
42151
56783
87402
48969
61803
65456
80773
10944
59667
3451
56541
77629
72597
87146
34970
70564
11511
33538
64623
24419
93323
42110
80416
75831
9826
52836
38990
17231
56430
30169
8257
8904
79385
30480
11697
62423
1371
85405
59696
64005
64636
76712
21783
75252
25383
3677
78380
88544
48678
38945
66253
95009
73632
51871
3740
23309
62348
62400
46662
666
99984
2744
68561
51105
41915
17501
67714
59518
78299
8627
50857
7124
78587
57507
98793
88365
8797
89098
33416
27359
39280
62989
29199
83019
20814
11242
25342
84031
46037
49066
38512
20026
1376
80435
66342
70383
8161
71194
15442
61507
71613
79542
51458
86033
24707
85999
28711
14221
68043
5588
43586
53894
50824
68556
21674
76772
97769
72389
84700
2800
24209
69321
40799
1843
94897
75246
29682
78679
59615
18828
24981
9353
57078
97545
689
12864
83689
76496
62853
62872
53381
64929
68814
4727
48162
866
10321
46769
33061
70514
7048
24966
30645
24542
36616
51560
2200
94189
63211
86235
58954
30326
59390
9269
27610
33009
40297
60422
69888
54315
64886
89777
20734
48115
19424
58231
37491
95985
22426
44821
96982
48406
75064
4100
83925
71727
48958
95518
95433
81395
56356
10176
69910
81884
66498
24683
38748
81362
9246
69669
95709
21091
50191
51804
36524
40015
48652
82379
92206
31231
24470
4181
26416
53493
36351
75565
79140
62495
46358
57496
70105
68197
53745
84427
33685
16034
34069
83502
71954
71280
88484
41186
66035
23068
18691
72478
77602
61144
59975
74933
87975
81295
71452
93172
71142
47347
52082
86855
47862
88690
47492
44347
98426
71111
9446
96446
89021
78349
43242
15459
90255
45551
32623
7137
97366
25818
75815
16155
15283
1908
72964
97594
54259
87333
17822
86167
36110
22291
48739
61109
11839
92749
31995
13354
23201
12253
41719
7071
32450
85184
16150
39341
79014
96050
51731
54503
83355
42882
59503
51318
80020
31941
71254
51583
65861
44358
50129
4417
12442
93979
94663
1051
54004
15475
66608
83274
34081
56843
51480
29872
53015
84415
92621
63952
93517
34910
92613
61526
50453
41911
8174
10228
93818
50288
25395
14470
20114
17941
66824
25175
71712
68365
63347
75165
68745
59528
2935
27103
68016
7732
92222
30103
76368
81807
39426
69778
77206
41815
26808
36371
43609
99069
2041
52152
30455
57848
95919
16565
54093
32054
59640
93372
32594
53837
86938
60639
78545
75856
76067
57580
24769
27709
3644
97622
99682
23891
1194
6260
3094
60065
99712
99811
2074
51065
92548
4711
79936
19715
66012
64079
76395
18926
62261
1589
72549
78561
63792
54085
78944
78416
91178
61717
72039
40842
80390
55763
66752
99311
85752
53437
67586
87007
4657
90248
50797
28142
57986
45284
24393
37203
66991
85495
95550
54496
98674
39878
79181
20267
90825
2547
33515
32779
25437
95359
83896
79839
71792
27824
21343
13032
56546
80942
9356
45942
1759
61832
94500
82816
29000
93236
30790
71405
82429
55539
8285
57776
98821
95634
15806
41265
31673
55117
82693
27749
3443
43118
19750
21247
96590
90451
64242
60768
45018
56910
29705
19690
27134
84773
96534
86995
7562
89370
7915
47509
50745
76933
19001
59458
81215
8862
55628
37780
93301
247
66146
31555
20670
71045
166
6927
10676
84639
72205
94525
51828
34110
37964
14687
32419
93477
27700
2828
72187
6331
82060
57807
57143
58003
37353
32539
35575
91949
15659
90747
87471
72725
9943
49287
7730
93736
76045
69715
69687
28087
89797
21058
66149
73413
49323
88633
12769
18634
48916
76654
43920
95290
508
45470
76843
11584
70558
94077
90655
23075
77487
32809
37149
48235
80087
34104
40773
87005
60045
6991
77321
38017
62990
58740
44865
42597
38521
90427
16108
97946
12906
4797
69373
28988
70065
72551
74953
69904
13934
18031
94667
87781
22252
85953
47634
40285
95191
14135
43625
47685
35035
64103
30400
37088
63898
25462
24316
50594
66090
45418
6264
25528
83369
20574
19253
81061
59869
17806
55750
67942
32396
70162
53873
92279
52469
44296
8162
1071
94826
73162
5266
95238
41131
61918
591
86136
59167
3180
6409
44513
58577
91306
92889
8871
42373
24211
16525
87255
53718
56855
68596
10056
94893
52140
45379
8572
95360
80322
23649
6469
79588
46996
34326
91556
7056
36121
43690
18252
82065
84442
13757
38310
43075
37343
13379
50029
46035
62915
47353
91993
15726
90406
16105
90617
45092
2304
71765
44153
43967
28978
93252
32387
41434
75513
49030
2562
76448
36988
78278
81442
68355
26373
19179
38836
39509
59724
48874
17997
68422
23023
70860
74925
25626
23998
82456
94141
94182
56562
77341
90673
28839
44286
88253
11470
83968
68509
36889
6949
43886
73611
95701
33565
77641
39472
75048
89071
38041
5815
24963
59787
26450
21373
58843
64728
23630
22852
98549
36856
870
64071
51501
62601
76556
52040
7586
15752
29224
43557
82529
1425
22349
69545
21197
62209
45784
31039
67944
88604
50596
96194
48353
22826
47724
43343
17946
49245
77758
91196
43668
83982
53368
13986
11961
69573
49763
40437
16326
70614
52776
77684
81619
51208
83923
77372
69857
73202
6435
83415
9631
33183
65738
90258
26360
28624
46407
78220
43676
72864
75198
73866
67625
77635
42353
16999
76983
25895
24989
81385
45469
9149
34260
18479
6595
18801
31922
75750
41157
87700
74462
8859
31328
64219
26719
96810
22364
45184
78520
84885
73238
97542
54370
80497
84009
56795
83076
97946
31928
40918
17393
38791
25627
10655
70815
52408
94948
41774
33695
54316
73741
7915
18622
31695
34431
4661
29239
66448
79617
57854
56210
40368
33724
98227
93725
70358
80135
2362
13990
59552
68467
19508
59634
72948
14709
26721
7837
3637
16363
68707
13774
48369
71469
26011
61526
18167
11826
53872
9670
28934
77244
55278
4970
49536
25601
25706
57605
72349
69174
45348
58986
24540
18106
5029
