99995
99386
99283
99273
99184
98711
98601
98526
98275
97684
97590
97508
97478
97294
97055
96785
96752
96621
96284
96036
95682
95537
95303
95042
94859
94726
94461
94406
94150
93833
93684
93643
93510
93494
92752
92729
92707
91980
91914
91736
91653
91429
91083
90979
90974
90937
90635
90218
90214
90147
90138
89599
89229
89149
88999
88949
88539
88473
88068
87925
87881
87718
87596
87544
86725
86415
86379
86374
86139
85971
85903
85727
85708
85581
85538
85533
85347
84610
84552
84198
84150
84138
84080
83861
83769
83729
83433
83251
82944
82937
82874
82773
82349
82114
81965
81640
81336
81031
80591
80299
80235
79864
79481
79439
79294
79082
78572
78467
78412
78364
78203
78133
77428
77391
77288
77254
77087
77011
76779
76745
76698
76599
76230
76132
75984
75375
75332
75214
74976
74904
74885
74871
74827
74753
74645
74218
73722
73700
73505
73403
73272
73242
73023
72897
72430
72247
72201
72103
71802
71774
71711
71682
71655
71630
71566
71517
71478
71314
71234
71037
70907
70772
70745
70624
70457
69363
69253
69068
68983
68712
68502
68423
68044
68037
67960
67942
67555
67432
67042
66911
66894
66485
66391
66279
66053
65865
65722
65469
65087
64868
64865
64182
64086
64028
63778
63721
63647
63503
63058
62990
62661
62652
62366
62123
62004
61963
61901
61890
61455
61076
60859
59691
59501
59233
58460
58200
57979
57617
56956
56651
56465
56396
56384
56320
55705
55368
55154
55126
54905
54850
54636
54597
54470
54455
54332
54317
54244
54217
54030
53776
53720
53712
53708
53503
53089
53008
52946
52900
52854
52744
52283
51797
51664
51168
51080
50654
50256
50068
49945
49695
49684
49381
49357
49202
49056
48859
48602
48541
48167
48099
48022
47635
47634
47571
47419
47388
46723
46339
46130
45828
45234
45218
44950
44833
44749
44667
44552
43962
43864
43689
42874
42533
42516
42386
42342
42292
42290
42251
42246
42105
42027
42007
41492
41480
41312
40898
40729
40159
40122
39915
39843
39800
39652
39530
39508
39391
39381
39220
39187
38927
38920
38880
38640
38580
38501
38487
38326
38135
38093
37946
37249
37178
36723
36198
35954
35661
35600
35495
35397
35391
34878
34706
34303
33965
33798
33737
33013
32405
32080
32048
31869
31591
31482
31306
30893
30796
30784
30691
30496
30424
30049
29584
29583
29314
29198
28753
28516
28499
28495
28446
28365
28364
28241
28200
28088
27686
27470
27382
27201
26916
26684
26297
26197
26096
26057
25935
25907
25656
25588
25400
24292
24274
24054
23741
23731
23675
23500
23459
23430
23169
23152
23127
22426
22414
21958
21771
21621
21426
21259
20847
20726
20546
19832
19397
19135
19107
19101
18956
18934
18931
18903
18851
18682
18528
18508
18370
18061
18056
18031
17887
17842
17688
17429
17155
17142
16777
16550
16451
16205
16059
15996
15699
15638
15571
15201
14992
14678
14541
13699
13381
13279
13211
13033
12948
12726
12631
12449
11082
11064
10719
10284
9932
9751
9660
9463
9045
8956
8369
8126
7906
7853
7247
7183
7165
6963
6698
6697
6596
5987
5843
5779
5761
5735
5587
5460
5206
4891
4700
4630
4627
4370
4295
4186
3908
3724
3700
3632
3470
3465
3162
2916
2910
2791
2305
1832
1533
1164
1024
868
822
727
70
