2916
36723
54850
39391
10719
60859
5987
4186
99386
27470
5460
66911
8126
80235
38135
16550
9751
38640
95682
85581
43864
54905
29198
31306
86139
48022
63721
66894
36198
31591
4295
67960
99273
4630
83861
15699
6596
45234
22414
82349
27686
18851
42342
17429
77391
18031
52900
79439
54455
84552
56396
25656
51080
7183
43962
95537
23430
43689
21259
6698
32048
64028
9045
3724
50654
66279
18903
29314
72201
15996
39915
13381
84138
71802
25400
85347
22426
90635
42533
54636
49945
64086
48167
79864
80299
85538
52283
91736
26684
65865
38927
68983
28516
42292
73722
30893
84198
30424
28364
2305
63058
18061
30496
74871
11082
68423
85903
48541
95042
69363
98526
3470
5761
53712
38487
84610
3908
81031
32405
49202
37249
77288
81336
76779
52744
45218
83769
61455
86374
85727
39800
71234
19107
40122
8369
727
30796
90974
96621
53720
74827
56956
70772
9932
35954
28200
53503
38920
18934
28241
18508
66485
28088
47419
23500
55705
71711
4891
27382
69253
27201
71566
2910
31482
15201
97590
18528
90937
46130
55154
55126
54470
70457
26297
79082
58200
75984
18931
86725
38880
95303
12948
49381
99283
74885
14678
44749
78133
89229
71314
68502
76132
54332
82874
46723
71774
97294
24054
15571
53008
82944
42105
96752
71517
29584
19135
64868
35495
74976
62661
42027
9660
90138
68037
92707
49056
54317
14541
30784
47635
71478
73403
96284
34303
37178
76599
62123
30049
86415
16205
38093
96785
48859
54597
31869
29583
50068
64865
90214
85708
76230
39187
38326
42386
25907
17688
74218
28753
49684
39220
81640
67432
28446
91083
78412
10284
1024
79481
76698
72247
6697
3632
24274
50256
33798
53708
63778
34706
83433
97684
82773
4700
38501
62990
93833
44950
52854
77087
13279
65722
65469
65087
42251
70
76745
74645
61963
1533
56465
93684
38580
41492
79294
57617
72103
41312
94150
70624
16451
40729
6963
91914
42516
86379
61890
61901
90218
48602
93510
84080
96036
63503
81965
7906
93643
90979
70907
75214
57979
21958
4370
58460
8956
33965
5779
2791
75375
84150
62366
822
73700
92729
20726
42874
41480
59501
56384
48099
99995
28499
16777
35391
89599
17155
71655
14992
28365
17842
19832
87881
40898
85533
88999
91429
12631
39508
35661
75332
71630
35397
5587
20546
44552
26916
64182
87925
23731
26197
45828
39652
59233
12726
67042
73023
61076
56651
53776
17887
39381
5735
88068
73242
868
77011
4627
82114
33737
63647
72430
78364
13033
98275
26057
87544
25588
92752
23127
52946
78203
9463
83729
23459
56320
21621
51797
24292
19397
23675
59691
72897
42246
17142
78467
93494
39843
49695
3162
3465
33013
12449
47388
67555
18370
53089
30691
78572
87596
20847
7165
71682
46339
98601
18956
5206
13211
97478
67942
90147
11064
94726
71037
94859
94406
5843
70745
23152
91653
83251
73505
91980
44833
7853
82937
54030
97055
15638
87718
47634
77428
42007
1164
16059
51664
89149
73272
80591
66391
62652
88473
7247
26096
23169
54217
42290
98711
47571
39530
94461
49357
97508
69068
74753
28495
18682
21771
35600
54244
3700
88949
19101
25935
88539
18056
32080
66053
55368
37946
13699
74904
68044
85971
23741
21426
40159
62004
68712
34878
1832
44667
99184
51168
77254
