70
727
822
868
1024
1164
1533
1832
2305
2791
2910
2916
3162
3465
3470
3632
3700
3724
3908
4186
4295
4370
4627
4630
4700
4891
5206
5460
5587
5735
5761
5779
5843
5987
6596
6697
6698
6963
7165
7183
7247
7853
7906
8126
8369
8956
9045
9463
9660
9751
9932
10284
10719
11064
11082
12449
12631
12726
12948
13033
13211
13279
13381
13699
14541
14678
14992
15201
15571
15638
15699
15996
16059
16205
16451
16550
16777
17142
17155
17429
17688
17842
17887
18031
18056
18061
18370
18508
18528
18682
18851
18903
18931
18934
18956
19101
19107
19135
19397
19832
20546
20726
20847
21259
21426
21621
21771
21958
22414
22426
23127
23152
23169
23430
23459
23500
23675
23731
23741
24054
24274
24292
25400
25588
25656
25907
25935
26057
26096
26197
26297
26684
26916
27201
27382
27470
27686
28088
28200
28241
28364
28365
28446
28495
28499
28516
28753
29198
29314
29583
29584
30049
30424
30496
30691
30784
30796
30893
31306
31482
31591
31869
32048
32080
32405
33013
33737
33798
33965
34303
34706
34878
35391
35397
35495
35600
35661
35954
36198
36723
37178
37249
37946
38093
38135
38326
38487
38501
38580
38640
38880
38920
38927
39187
39220
39381
39391
39508
39530
39652
39800
39843
39915
40122
40159
40729
40898
41312
41480
41492
42007
42027
42105
42246
42251
42290
42292
42342
42386
42516
42533
42874
43689
43864
43962
44552
44667
44749
44833
44950
45218
45234
45828
46130
46339
46723
47388
47419
47571
47634
47635
48022
48099
48167
48541
48602
48859
49056
49202
49357
49381
49684
49695
49945
50068
50256
50654
51080
51168
51664
51797
52283
52744
52854
52900
52946
53008
53089
53503
53708
53712
53720
53776
54030
54217
54244
54317
54332
54455
54470
54597
54636
54850
54905
55126
55154
55368
55705
56320
56384
56396
56465
56651
56956
57617
57979
58200
58460
59233
59501
59691
60859
61076
61455
61890
61901
61963
62004
62123
62366
62652
62661
62990
63058
63503
63647
63721
63778
64028
64086
64182
64865
64868
65087
65469
65722
65865
66053
66279
66391
66485
66894
66911
67042
67432
67555
67942
67960
68037
68044
68423
68502
68712
68983
69068
69253
69363
70457
70624
70745
70772
70907
71037
71234
71314
71478
71517
71566
71630
71655
71682
71711
71774
71802
72103
72201
72247
72430
72897
73023
73242
73272
73403
73505
73700
73722
74218
74645
74753
74827
74871
74885
74904
74976
75214
75332
75375
75984
76132
76230
76599
76698
76745
76779
77011
77087
77254
77288
77391
77428
78133
78203
78364
78412
78467
78572
79082
79294
79439
79481
79864
80235
80299
80591
81031
81336
81640
81965
82114
82349
82773
82874
82937
82944
83251
83433
83729
83769
83861
84080
84138
84150
84198
84552
84610
85347
85533
85538
85581
85708
85727
85903
85971
86139
86374
86379
86415
86725
87544
87596
87718
87881
87925
88068
88473
88539
88949
88999
89149
89229
89599
90138
90147
90214
90218
90635
90937
90974
90979
91083
91429
91653
91736
91914
91980
92707
92729
92752
93494
93510
93643
93684
93833
94150
94406
94461
94726
94859
95042
95303
95537
95682
96036
96284
96621
96752
96785
97055
97294
97478
97508
97590
97684
98275
98526
98601
98711
99184
99273
99283
99386
99995
